3,0.03706
6,0.02495
8,0.07311
10,0.02670
15,0.85367
19,0.04703
23,0.03746
28,0.09927
29,0.07809
30,0.03707
32,0.01557
33,0.05346
34,0.03565
35,0.23580
36,0.08568
38,0.02824
39,0.02393
49,0.02531
50,0.05514
54,0.05466
55,0.06733
56,0.38726
61,0.03353
64,0.05056
72,0.55091
75,0.06408
80,0.03819
86,0.16976
89,0.03429
93,0.03005
94,0.02211
95,0.07699
105,0.02486
108,0.00190
127,0.04023
130,0.04875
132,0.04647
135,0.02383
140,0.02227
144,0.02643
147,0.02491
150,0.03362
151,0.04563
152,0.05012
153,0.02719
154,0.03581
155,0.17957
163,0.02573
167,0.01324
168,0.03539
171,0.14845
175,0.01835
178,0.04990
182,0.03645
183,0.04419
188,0.00601
192,0.04871
204,0.54446
214,0.32075
216,0.03683
219,0.03088
222,0.05056
224,0.03419
226,0.02867
227,0.08158
228,0.08645
230,0.13894
232,0.02734
236,0.02090
243,0.11387
246,0.05108
250,0.03546
252,0.05053
255,0.05794
257,0.03562
258,0.01215
259,0.15452
261,0.04463
271,0.28972
273,0.01226
274,0.04840
280,0.02705
282,0.10841
285,0.27084
286,0.03206
290,0.46288
291,0.00093
298,0.18627
299,0.23479
300,0.01471
301,0.01111
302,0.01454
304,0.08839
306,0.03888
308,0.08066
310,0.06934
311,0.11840
313,0.11026
314,0.03416
317,0.11790
319,0.03699
321,0.09087
322,0.08410
324,0.03505
325,0.06896
332,0.23431
334,0.09990
338,0.04296
339,0.01506
341,0.00770
346,0.23978
348,0.04407
349,0.01173
350,0.20612
356,0.04232
358,0.00822
359,0.00522
362,0.01029
363,0.01830
368,0.01781
370,0.05317
371,0.03108
372,0.13444
373,0.02901
377,0.02699
378,0.02385
379,0.03459
389,0.01020
390,0.01290
391,0.04727
392,0.00507
394,0.02160
396,0.03132
402,0.04664
403,0.23292
405,0.03104
406,0.06869
407,0.26375
415,0.16053
417,0.42364
419,0.00075
421,0.01056
422,0.01660
425,0.14016
427,0.03125
428,0.02078
429,0.05839
431,0.04434
432,0.11071
433,0.01336
435,0.02473
439,0.13094
440,0.02989
447,0.07409
465,0.35854
477,0.01384
488,0.04960
506,0.11487
514,0.02360
515,0.00732
517,0.00691
524,0.00925
525,0.02697
538,0.01180
545,0.10453
549,0.11960
554,0.00107
559,0.11615
560,0.06248
564,0.02199
565,0.00075
566,0.02233
567,0.02836
575,0.07505
579,0.24598
581,0.00908
584,0.02148
586,0.01089
587,0.12881
589,0.02463
590,0.03428
592,0.01989
600,0.15417
601,0.01297
604,0.01061
606,0.00996
607,0.02334
608,0.49710
609,0.03832
611,0.03413
613,0.03242
616,0.01737
617,0.02602
618,0.00701
619,0.01285
622,0.02384
624,0.02790
626,0.09271
627,0.03331
628,0.02720
631,0.03586
633,0.31914
636,0.05861
637,0.08897
643,0.10705
644,0.12786
645,0.00710
647,0.11453
650,0.02564
656,0.06540
657,0.01777
658,0.03877
659,0.09838
663,0.12794
664,0.04496
665,0.15057
667,0.07704
668,0.03305
670,0.01887
673,0.09168
674,0.03913
675,0.05086
677,0.05970
681,0.05056
682,0.04122
684,0.03237
686,0.03837
687,0.03087
691,0.06454
694,0.01956
696,0.06710
697,0.15197
700,0.05679
704,0.13341
705,0.06546
706,0.07567
707,0.10875
710,0.11275
714,0.02616
715,0.03897
717,0.04713
719,0.07585
722,0.26842
723,0.06385
725,0.03818
730,0.10890
733,0.11081
737,0.79019
739,0.09813
741,0.14460
742,0.06309
743,0.04046
744,0.03634
746,0.06322
748,0.04452
749,0.09320
750,0.05642
756,0.09022
760,0.05593
761,0.20645
762,0.87523
763,0.21726
764,0.16892
765,0.36840
769,0.09012
771,0.06027
778,0.08239
779,0.03195
784,0.04769
789,0.17094
791,0.02448
793,0.01946
794,0.06390
795,0.04197
797,0.00689
798,0.07227
802,0.03690
803,0.09284
805,0.11107
806,0.03040
810,0.10138
813,0.11923
817,0.15387
820,0.04178
822,0.03700
823,0.01534
825,0.46616
826,0.13357
827,0.13998
829,0.06348
836,0.10987
837,0.03495
838,0.05759
839,0.03028
840,0.20736
844,0.09758
849,0.05804
852,0.00317
853,0.09217
856,0.34598
857,0.25050
859,0.16917
861,0.08494
863,0.06110
864,0.05136
866,0.04836
868,0.05285
871,0.17978
873,0.10738
875,0.03370
878,0.10775
881,0.04723
882,0.03820
885,0.04232
887,0.19574
893,0.10938
895,0.12009
896,0.30325
897,0.03237
903,0.01299
904,0.20107
906,0.02440
907,0.08666
908,0.25384
913,0.10246
918,0.04675
922,0.12181
928,0.03877
929,0.02819
930,0.04154
932,0.06838
934,0.03646
935,0.14428
936,0.06988
937,0.20350
938,0.10304
941,0.13943
942,0.02621
943,0.04923
945,0.06098
946,0.28116
947,0.18921
948,0.08656
955,0.06040
956,0.06317
958,0.10524
959,0.28025
960,0.17074
963,0.10755
966,0.04148
967,0.19070
968,0.13037
971,0.14460
972,0.07888
974,0.37659
975,0.13422
977,0.02905
978,0.27462
979,0.03742
981,0.04531
982,0.07875
983,0.01363
985,0.07101
989,0.11711
991,0.04201
993,0.46539
994,0.09302
995,0.04647
999,0.12924
1000,0.14567
1006,0.06108
1007,0.07187
1012,0.11337
1014,0.11140
1018,0.16766
1020,0.01614
1022,0.13125
1023,0.06216
1024,0.14308
1026,0.49761
1029,0.02484
1030,0.02337
1031,0.20215
1032,0.07252
1034,0.13909
1035,0.22755
1038,0.03326
1039,0.04660
1043,0.04425
1044,0.02553
1049,0.27077
1053,0.11992
1055,0.11316
1060,0.00787
1061,0.16461
1062,0.07967
1074,0.04378
1075,0.07497
1077,0.00246
1080,0.10222
1092,0.04119
1097,0.17514
1100,0.18638
1103,0.20622
1111,0.20301
1114,0.04114
1123,0.11026
1124,0.05994
1125,0.08744
1127,0.10341
1128,0.04741
1131,0.05540
1137,0.10187
1140,0.15956
1141,0.02351
1144,0.04361
1151,0.24014
1152,0.04954
1154,0.12671
1156,0.08401
1157,0.35600
1159,0.28014
1160,0.05198
1164,0.26791
1165,0.17236
1166,0.57258
1167,0.23207
1168,0.06762
1185,0.29703
1186,0.38907
1190,0.08424
1191,0.17282
1192,0.02161
1193,0.21061
1196,0.05112
1199,0.21249
1200,0.18824
1201,0.27487
1203,0.08801
1211,0.52196
1218,0.07306
1220,0.04316
1221,0.03624
1222,0.14727
1230,0.21053
1232,0.00729
1234,0.18547
1236,0.10616
1239,0.33109
1240,0.02347
1241,0.08624
1243,0.19166
1247,0.30656
1248,0.19407
1250,0.17449
1253,0.16020
1259,0.04651
1260,0.04720
1261,0.19142
1266,0.03458
1267,0.35737
1270,0.01238
1277,0.04797
1279,0.19133
1282,0.05358
1284,0.20649
1285,0.19051
1286,0.14540
1287,0.00882
1291,0.27603
1296,0.10553
1297,0.87362
1300,0.00286
1305,0.32456
1307,0.37201
1310,0.33277
1315,0.20723
1319,0.23655
1321,0.07361
1322,0.21948
1323,0.03867
1326,0.04603
1330,0.11618
1352,0.29688
1353,0.20288
1357,0.48483
1360,0.29963
1372,0.04435
1374,0.31258
1375,0.09411
1377,0.12078
1378,0.25641
1382,0.06582
1384,0.20708
1385,0.48989
1389,0.07570
1390,0.11188
1393,0.27314
1394,0.10849
1396,0.10175
1402,0.08224
1403,0.23389
1407,0.15590
1411,0.12542
1412,0.04736
1413,0.20150
1416,0.37050
1418,0.09398
1419,0.23932
1420,0.08860
1425,0.09081
1428,0.25887
1432,0.01015
1435,0.03278
1437,0.22942
1439,0.07629
1441,0.06602
1442,0.06124
1444,0.09866
1446,0.04616
1453,0.41423
1464,0.14941
1465,0.06211
1468,0.09624
1471,0.15274
1472,0.01444
1473,0.37569
1476,0.14688
1478,0.03011
1482,0.26965
1484,0.13484
1485,0.06004
1486,0.04087
1487,0.15051
1489,0.12957
1490,0.10828
1492,0.33027
1493,0.10294
1496,0.23749
1497,0.14362
1498,0.16455
1501,0.11162
1506,0.10103
1507,0.05151
1510,0.01729
1513,0.06381
1514,0.29501
1518,0.07499
1520,0.11086
1521,0.26517
1524,0.07876
1525,0.13421
1531,0.07358
1532,0.03496
1533,0.05237
1534,0.19536
1537,0.08756
1538,0.18986
1542,0.12616
1547,0.18826
1548,0.15523
1549,0.89339
1550,0.08128
1555,0.17386
1556,0.10363
1557,0.04156
1563,0.06264
1564,0.10667
1565,0.15488
1566,0.21217
1569,0.05813
1571,0.34655
1573,0.15696
1580,0.12861
1581,0.00186
1583,0.12041
1585,0.37479
1587,0.08907
1592,0.17322
1593,0.12623
1595,0.06358
1596,0.16140
1597,0.11223
1600,0.05649
1603,0.15297
1604,0.08894
1608,0.25456
1610,0.06984
1612,0.02565
1613,0.11116
1618,0.08939
1619,0.10031
1621,0.21447
1622,0.30310
1628,0.13542
1629,0.06529
1633,0.63999
1636,0.02392
1637,0.21649
1638,0.11611
1641,0.14496
1646,0.25917
1648,0.30687
1649,0.08300
1652,0.07044
1653,0.22179
1654,0.12010
1657,0.03607
1658,0.15756
1661,0.15922
1662,0.08881
1664,0.00253
1669,0.07314
1672,0.09823
1678,0.08883
1679,0.32824
1680,0.42980
1687,0.04412
1688,0.43551
1689,0.06038
1692,0.05700
1697,0.15928
1700,0.25032
1701,0.13022
1705,0.26461
1706,0.30230
1707,0.09864
1714,0.12838
1716,0.04429
1717,0.33843
1718,0.14361
1723,0.26721
1726,0.15149
1729,0.32704
1730,0.13745
1732,0.09669
1733,0.24859
1734,0.41784
1744,0.28805
1746,0.11529
1747,0.11433
1749,0.15281
1752,0.13340
1754,0.49847
1757,0.16685
1758,0.16439
1768,0.12465
1769,0.37568
1770,0.02993
1771,0.01975
1772,0.28629
1774,0.24335
1777,0.27391
1780,0.10473
1781,0.26544
1783,0.20905
1787,0.17471
1788,0.11539
1791,0.13475
1792,0.28586
1793,0.04861
1798,0.11960
1799,0.42745
1802,0.11728
1805,0.14988
1808,0.30669
1811,0.11846
1814,0.40520
1816,0.21451
1819,0.02367
1823,0.16503
1833,0.02100
1835,0.18372
1836,0.29922
1837,0.10820
1842,0.37304
1847,0.31880
1848,0.14875
1849,0.17304
1855,0.24392
1857,0.10172
1858,0.16587
1859,0.17222
1861,0.05576
1864,0.09177
1865,0.06812
1880,0.15492
1884,0.10160
1888,0.28546
1893,0.28437
1901,0.11235
1903,0.15607
1908,0.15091
1915,0.16358
1918,0.30284
1919,0.47098
1920,0.07086
1927,0.13658
1935,0.16389
1950,0.00642
1953,0.12635
1955,0.01534
1956,0.42565
1961,0.08283
1963,0.14242
1964,0.23004
1965,0.14065
1966,0.28714
1969,0.22644
1970,0.00568
1971,0.02199
1972,0.23461
1973,0.20623
1977,0.16779
1979,0.14857
1982,0.45925
1983,0.08925
1984,0.21166
1985,0.10874
1987,0.17469
1990,0.42841
1991,0.13834
1992,0.29115
1997,0.18649
2001,0.32296
2004,0.15485
2007,0.06709
2014,0.25933
2016,0.29964
2053,0.13822
2055,0.05973
2060,0.06669
2062,0.22507
2066,0.81754
2069,0.02735
2071,0.24518
2072,0.09317
2073,0.16387
2076,0.14741
2079,0.10011
2083,0.01997
2085,0.08643
2091,0.15116
2092,0.00063
2095,0.11359
2097,0.15398
2101,0.05845
2102,0.25413
2106,0.18158
2109,0.10917
2112,0.01361
2114,0.35698
2116,0.24434
2117,0.36375
2119,0.10639
2120,0.40138
2121,0.05540
2128,0.24966
2129,0.11854
2133,0.02305
2134,0.38720
2135,0.35165
2137,0.12742
2144,0.48552
2145,0.62082
2151,0.19355
2157,0.20903
2160,0.31667
2163,0.03556
2165,0.13149
2168,0.10124
2174,0.35908
2178,0.10709
2181,0.11926
2182,0.06056
2185,0.00371
2193,0.23228
2195,0.03704
2202,0.07706
2205,0.06547
2206,0.06480
2209,0.39426
2210,0.44351
2211,0.12202
2223,0.08401
2225,0.47474
2229,0.03243
2231,0.28752
2233,0.01828
2234,0.02777
2237,0.48525
2240,0.49798
2241,0.19312
2242,0.04078
2244,0.00269
2246,0.14613
2247,0.00094
2251,0.34547
2252,0.43331
2253,0.10691
2256,0.40438
2257,0.39312
2258,0.28152
2264,0.25769
2273,0.24867
2276,0.39512
2277,0.08568
2281,0.07145
2285,0.18402
2289,0.29080
2290,0.34128
2294,0.09384
2297,0.46898
2305,0.00000
2307,0.19754
2322,0.33579
2323,0.39113
2324,0.41157
2325,0.28562
2326,0.21426
2328,0.84229
2329,0.16980
2332,0.07629
2333,0.15780
2338,0.28900
2339,0.11071
2340,0.05702
2341,0.20571
2342,0.00811
2345,0.14663
2348,0.11098
2350,0.12064
2354,0.49441
2356,0.27540
2362,0.03815
2364,0.39783
2365,0.00000
2366,0.05852
2369,0.23771
2371,0.33019
2375,0.27359
2376,0.02517
2378,0.01068
2381,0.47260
2384,0.26348
2385,0.18927
2386,0.08512
2397,0.22341
2398,1.00000
2400,0.23064
2409,0.06119
2410,0.22337
2411,0.54086
2416,0.21860
2420,0.00017
2422,0.00070
2423,0.01110
2425,0.01931
2426,0.09007
2433,0.36980
2435,0.14984
2440,0.32058
2456,0.38587
2470,0.29097
2474,0.33503
2475,0.14043
2479,0.08809
2484,0.04304
2485,0.54637
2490,0.22880
2499,0.08230
2501,0.10176
2504,0.26791
2506,0.33100
2507,0.20714
2508,0.39665
2510,0.40402
2511,0.19384
2516,0.67364
2517,0.37025
2535,0.72432
2542,0.38668
2544,0.29969
2547,0.21156
2550,0.27942
2552,0.04897
2560,0.25552
2565,0.86200
2570,0.15722
2571,0.05230
2575,0.08962
2576,0.75770
2579,0.26061
2580,0.13656
2585,0.42343
2587,0.18487
2589,0.07220
2591,0.04062
2592,0.32262
2593,0.45865
2594,0.45978
2595,0.28325
2597,0.27654
2599,0.16270
2604,0.12925
2605,0.31496
2607,0.04387
2612,0.26328
2617,0.18344
2618,0.10299
2619,0.44532
2620,0.24916
2623,0.27863
2625,0.85301
2629,0.05077
2638,0.02903
2643,0.26886
2645,0.00741
2646,0.37059
2647,0.06645
2650,0.07012
2651,0.48052
2652,0.08323
2653,0.64809
2654,0.66844
2655,0.26537
2657,0.49731
2658,0.24747
2660,0.47470
2662,0.26061
2665,0.20003
2667,0.33239
2669,0.19067
2670,0.05786
2672,0.01544
2674,0.30098
2678,0.00335
2679,0.00423
2685,0.27422
2686,0.31224
2687,0.20385
2689,0.25549
2693,0.44258
2696,0.36192
2697,0.35529
2700,0.29181
2707,0.28423
2708,0.23609
2713,0.28965
2720,0.07699
2721,0.16793
2724,0.17068
2727,0.37293
2736,0.05019
2746,0.40658
2747,0.39878
2751,0.03368
2754,0.35813
2760,0.28740
2763,0.29605
2764,0.21828
2765,0.20865
2768,0.14791
2770,0.06486
2774,0.43471
2775,0.58837
2777,0.12593
2781,0.04725
2785,0.38187
2787,0.33643
2790,0.46692
2794,0.32076
2797,0.05771
2798,0.00306
2799,0.18233
2801,0.11792
2805,0.22736
2809,0.22837
2811,0.29212
2814,0.20323
2815,0.22106
2818,0.04774
2819,0.34285
2821,0.03098
2822,0.36510
2825,0.08547
2828,0.25713
2830,0.34167
2831,0.37901
2834,0.24216
2838,0.13553
2843,0.04649
2844,0.04318
2851,0.31704
2856,0.27975
2859,0.42968
2871,0.61228
2877,0.25482
2880,0.14820
2900,0.51964
2902,0.13160
2909,0.33936
2910,0.00343
2912,0.28056
2914,0.07407
2917,0.11431
2918,0.22463
2922,0.16948
2923,0.30655
2925,0.20418
2926,0.09047
2928,0.05489
2932,0.32383
2940,0.24976
2946,0.09899
2951,0.25733
2955,0.24835
2956,0.00247
2958,0.53501
2963,0.28172
2966,0.16464
2968,0.24736
2972,0.20158
2973,0.37493
2974,0.10763
2977,0.13822
2979,0.09190
2981,0.34107
2990,0.00442
2991,0.08477
2993,0.13421
2996,0.10391
2999,0.25168
3000,0.12905
3002,0.35113
3005,0.51541
3007,0.39152
3009,0.28845
3010,0.27850
3014,0.42184
3015,0.21580
3018,0.21461
3020,0.25891
3021,0.25355
3023,0.00909
3024,0.41391
3026,0.44607
3027,0.39203
3028,0.37847
3029,0.29114
3030,0.30410
3033,0.34250
3034,0.54224
3036,0.00590
3050,0.15466
3056,0.15669
3059,0.33980
3068,0.07284
3073,0.21537
3080,0.05784
3082,0.01577
3084,0.56637
3089,0.87340
3092,0.33109
3099,0.16710
3103,0.35171
3104,0.09123
3105,0.00568
3106,0.26487
3109,0.00627
3114,0.28670
3117,0.66178
3125,0.33762
3126,0.12812
3130,0.18353
3136,0.28185
3138,0.02010
3140,0.44069
3144,0.36468
3145,0.14957
3148,0.30731
3150,0.25860
3155,0.07153
3164,0.22779
3171,0.01135
3173,0.26604
3180,0.21186
3191,0.19306
3192,0.56839
3193,0.03304
3195,0.00000
3200,0.18695
3201,0.00817
3205,0.00026
3235,0.07986
3237,0.01448
3238,0.50360
3243,0.18758
3245,0.00000
3251,0.31173
3253,0.46872
3255,0.04749
3256,0.01779
3258,0.39934
3260,0.42629
3265,0.35948
3266,0.02907
3271,0.06089
3274,0.32360
3276,0.53703
3284,0.27766
3285,0.04329
3291,0.57331
3293,0.14544
3297,0.14750
3301,0.05151
3307,0.31833
3309,0.31598
3310,0.16965
3313,0.09445
3319,0.11003
3320,0.17505
3321,0.36127
3324,0.17687
3334,0.67873
3338,0.29324
3346,0.24547
3348,0.12951
3351,0.31271
3352,0.90250
3363,0.00182
3371,0.26042
3376,0.16614
3381,0.15184
3393,0.35158
3394,0.39550
3404,0.36851
3408,0.44474
3409,0.05733
3410,0.05366
3417,0.36126
3429,0.01834
3433,0.21537
3435,0.23586
3439,0.45047
3443,0.56720
3446,0.09013
3447,0.36957
3452,0.39375
3453,0.30864
3454,0.43305
3455,0.25099
3456,0.79456
3458,0.24147
3459,0.59231
3460,0.35276
3461,0.06054
3463,0.12031
3464,0.23000
3465,0.01124
3473,0.39691
3479,0.27396
3480,0.35098
3483,0.22810
3486,0.11902
3489,0.33943
3498,0.36087
3506,0.20648
3516,0.39528
3520,0.18021
3529,0.32679
3537,0.75887
3538,0.13211
3541,0.24601
3547,0.12464
3548,0.14677
3549,0.06667
3554,0.19097
3555,0.06974
3556,0.01697
3557,0.41356
3562,0.50808
3567,0.11589
3568,0.49609
3576,0.09919
3580,0.39021
3586,0.34681
3587,0.35757
3591,0.00000
3592,0.00025
3607,0.36632
3609,0.11734
3614,0.24922
3615,0.46680
3616,0.07787
3617,0.00445
3623,0.00416
3629,0.06524
3631,0.43421
3634,0.37267
3635,0.37378
3643,0.52302
3645,0.36869
3646,0.19524
3650,0.40923
3660,0.24274
3661,0.31571
3664,0.23568
3669,0.00503
3670,0.18018
3671,0.01902
3680,0.34217
3681,0.22028
3691,0.30518
3701,0.00059
3708,0.00004
3713,0.03992
3717,0.14111
3720,0.24574
3724,0.24193
3726,0.21038
3737,0.02183
3745,0.05912
3748,0.32742
3752,0.21367
3755,0.34466
3769,0.19900
3770,0.05610
3772,0.12394
3776,0.07398
3785,0.06220
3787,0.20478
3792,0.27836
3796,0.56062
3797,0.00587
3800,0.28316
3803,0.36091
3804,0.18347
3806,0.21627
3807,0.32229
3808,0.03405
3809,0.07321
3811,0.04121
3812,0.45568
3813,0.37142
3816,0.08560
3822,0.04684
3825,0.01761
3830,0.26581
3832,0.00262
3835,0.18602
3842,0.18671
3843,0.53306
3847,0.27336
3849,0.10418
3854,0.29966
3856,0.08329
3867,0.05133
3871,0.26291
3873,0.31853
3875,0.02646
3880,0.02757
3885,0.20040
3887,0.26672
3888,0.02918
3892,0.38091
3893,0.06873
3897,0.69189
3898,0.29077
3903,0.34281
3908,0.01018
3910,0.41841
3911,0.04870
3912,0.05918
3914,0.04483
3919,0.18001
3921,0.03922
3922,0.12141
3926,0.32651
3933,0.06506
3937,0.24126
3939,0.03017
3942,0.03357
3946,0.22341
3949,0.02859
3956,0.26542
3958,0.48428
3962,0.28160
3967,0.19847
3969,0.16807
3970,0.27017
3971,0.03348
3973,0.09944
3974,0.01505
3976,0.54831
3980,0.05219
3999,0.02022
4009,0.03536
4011,0.48716
4012,0.05484
4013,0.32472
4014,0.00944
4021,0.29614
4024,0.16279
4030,0.04818
4031,0.08575
4037,0.99772
4040,0.35598
4041,0.33780
4043,0.27126
4044,0.30287
4047,0.07074
4049,0.03351
4051,0.15530
4055,0.37076
4058,0.11449
4065,0.33438
4068,0.02675
4071,0.22445
4072,0.20033
4078,0.03417
4086,0.00853
4088,0.13268
4098,0.26600
4099,0.64667
4103,0.33465
4110,0.35836
4111,0.05179
4117,0.09155
4124,0.59990
4127,0.15342
4134,0.17890
4138,0.24864
4162,0.36252
4168,0.00000
4171,0.02454
4173,0.14034
4175,0.21571
4179,0.41917
4181,0.12076
4183,0.04529
4188,0.03419
4189,0.20221
4191,0.80628
4199,0.09625
4201,0.29334
4211,0.04837
4212,0.29536
4216,0.02766
4218,0.06429
4219,0.14018
4220,0.03124
4231,0.10630
4233,0.25541
4234,0.16636
4235,0.03162
4237,0.00042
4247,0.52719
4254,0.04697
4256,0.45340
4261,0.33297
4263,0.33942
4264,0.00152
4265,0.00745
4266,0.39544
4269,0.34073
4272,0.02742
4276,0.17494
4289,0.28059
4290,0.35675
4297,0.44278
4298,0.22211
4299,0.32971
4303,0.02324
4310,0.46264
4311,0.03583
4315,0.30055
4323,0.20335
4331,0.09752
4332,0.02029
4335,0.72171
4338,0.39687
4341,0.14909
4349,0.18412
4351,0.06355
4355,0.14477
4359,0.02658
4361,0.31496
4365,0.20886
4373,0.20595
4384,0.34001
4385,0.09451
4386,0.06844
4389,0.00138
4400,0.49233
4401,0.18205
4402,0.13551
4403,0.02701
4411,0.03397
4412,0.15663
4413,0.00029
4417,0.22867
4422,0.24846
4424,0.29315
4432,0.12122
4435,0.15810
4441,0.08834
4448,0.44788
4453,0.26426
4463,0.36131
4466,0.09639
4468,0.16052
4471,0.06891
4480,0.15985
4481,0.00323
4482,0.24604
4483,0.31871
4485,0.32503
4488,0.20829
4500,0.16807
4507,0.13273
4510,0.39308
4521,0.00781
4527,0.24932
4528,0.27844
4529,0.15217
4530,0.42948
4531,0.27950
4534,0.30379
4536,0.57442
4539,0.00071
4541,0.00000
4544,0.00030
4547,0.36186
4550,0.01316
4551,0.28860
4552,0.04951
4557,0.11973
4558,0.07904
4561,0.00135
4562,0.07064
4574,0.34710
4578,0.42514
4580,0.00235
4583,0.07766
4584,0.03964
4587,0.41047
4588,0.18173
4600,0.42734
4604,0.20494
4605,0.04605
4613,0.28380
4620,0.08663
4621,0.05050
4625,0.03759
4631,0.14429
4632,0.21993
4639,0.01715
4645,0.07569
4646,0.15644
4648,0.07242
4650,0.04909
4653,0.44160
4654,0.03711
4658,0.00426
4661,0.31879
4662,0.25140
4666,0.54218
4677,0.08015
4678,0.05547
4684,0.01202
4687,0.32645
4689,0.17443
4706,0.28402
4709,0.32295
4712,0.72535
4713,0.27114
4715,0.28577
4717,0.36395
4719,0.31587
4728,0.04080
4735,0.58857
4748,0.25083
4764,0.21284
4776,0.10154
4777,0.19493
4778,0.07786
4779,0.01107
4780,0.15145
4781,0.30218
4783,0.02564
4786,0.05524
4791,0.15813
4792,0.30735
4795,0.39012
4796,0.21472
4797,0.33575
4798,0.24462
4808,0.22343
4809,0.01723
4811,0.38884
4814,0.27388
4815,0.05631
4820,0.27884
4822,0.06590
4824,0.26980
4827,0.37484
4828,0.56831
4831,0.08040
4846,0.34083
4866,0.02582
4875,0.54378
4876,0.00093
4879,0.10113
4880,0.01000
4884,0.14209
4886,0.00009
4887,0.00831
4896,0.00860
4899,0.25898
4929,0.34326
4934,0.02909
4938,0.24521
4940,0.15504
4942,0.04089
4944,0.20531
4946,0.02143
4953,0.33083
4954,0.05059
4962,0.27900
4964,0.39848
4966,0.02914
4977,0.17014
4980,0.23724
4981,0.30259
4983,0.28128
4986,0.24967
4987,0.03783
4991,0.00384
4992,0.04020
4993,0.05846
4994,0.22657
4999,0.35091
5002,0.46615
5012,0.18643
5020,0.40856
5022,0.52100
5026,0.32619
5028,0.25365
5033,0.06129
5037,0.24480
5043,0.02796
5044,0.06670
5045,0.05061
5055,0.36867
5058,0.18177
5061,0.29327
5064,0.03540
5072,0.28394
5073,0.29219
5075,0.03879
5079,0.43674
5083,0.23598
5092,0.37271
5096,0.16609
5100,0.44189
5103,0.21453
5106,0.31541
5115,0.05545
5120,0.01416
5121,0.20696
5123,0.41346
5130,0.38372
5132,0.22771
5133,0.01498
5140,0.19431
5141,0.05696
5144,0.28644
5145,0.00789
5146,0.01741
5148,0.24276
5155,0.26884
5162,0.20810
5176,0.20850
5177,0.00050
5178,0.42073
5179,0.31668
5182,0.25317
5188,0.32207
5189,0.31021
5199,0.24855
5200,0.35119
5204,0.31690
5208,0.06626
5210,0.45461
5215,0.19430
5222,0.25904
5226,0.34227
5231,0.02952
5233,0.47350
5239,0.26520
5240,0.00759
5245,0.13861
5246,0.13789
5253,0.00717
5254,0.70755
5255,0.03779
5260,0.01840
5262,0.31500
5263,0.20785
5267,0.01056
5271,0.01653
5273,0.29789
5274,0.00528
5285,0.15735
5288,0.50000
5289,0.17523
5295,0.20844
5296,0.03352
5298,0.03707
5301,0.23306
5303,0.01037
5305,0.16990
5306,0.02507
5308,0.09384
5309,0.02628
5310,0.01107
5311,0.03735
5312,0.03793
5321,0.32217
5323,0.21429
5326,0.06249
5327,0.20848
5335,0.40098
5341,0.24513
5350,0.01168
5351,0.03075
5354,0.01792
5362,0.00160
5363,0.00674
5364,0.04880
5368,0.03854
5375,0.05320
5378,0.11176
5384,0.14636
5387,0.05559
5388,0.01246
5392,0.30481
5393,0.07106
5404,0.47980
5406,0.06962
5412,0.72461
5414,0.00000
5415,0.17623
5417,0.05637
5421,0.10607
5423,0.40066
5426,0.06019
5430,0.34799
5432,0.16664
5434,0.00924
5437,0.22490
5439,0.20206
5442,0.00777
5445,0.28746
5449,0.47050
5452,0.28019
5454,0.33694
5457,0.14117
5459,0.60181
5463,0.25656
5465,0.18893
5466,0.15183
5467,0.08280
5469,0.00517
5470,0.03998
5471,0.01835
5479,0.17725
5481,0.02157
5482,0.20740
5484,0.49606
5487,0.07704
5499,0.04417
5500,0.09042
5503,0.00685
5506,0.27513
5509,0.30013
5511,0.18571
5513,0.10178
5514,0.06367
5524,0.56179
5527,0.25934
5529,0.25619
5533,0.00699
5539,0.19332
5543,0.49811
5545,0.30314
5559,0.16081
5563,0.41242
5564,0.03580
5568,0.20098
5569,0.01080
5570,0.01377
5582,0.14441
5584,0.25093
5588,0.01890
5592,0.11921
5596,0.29565
5605,0.26913
5614,0.11353
5620,0.13832
5623,0.07428
5624,0.20696
5626,0.18869
5630,0.10714
5631,0.02059
5635,0.03180
5637,0.34257
5638,0.20181
5639,0.09754
5640,0.19533
5643,0.01638
5650,0.15896
5651,0.28490
5655,0.03150
5663,0.05890
5664,0.01892
5665,0.00397
5671,0.17538
5673,0.01595
5679,0.00000
5680,0.18975
5683,0.31293
5684,0.23747
5693,0.32957
5694,0.01804
5697,0.40810
5705,0.09916
5706,0.02068
5709,0.02618
5713,0.02446
5714,0.44280
5721,0.26770
5726,0.00079
5732,0.26819
5737,0.26024
5738,0.13226
5739,0.34427
5740,0.01126
5743,0.41267
5745,0.06341
5753,0.24212
5754,0.00984
5756,0.08416
5757,0.05780
5760,0.32202
5767,0.00000
5772,0.08066
5773,0.24189
5775,0.35219
5776,0.22654
5778,0.01235
5780,0.29464
5782,0.00061
5784,0.10138
5790,0.23999
5792,0.02960
5793,0.00015
5798,0.21348
5799,0.24895
5800,0.47049
5801,0.04276
5802,0.23067
5804,0.28817
5806,0.29320
5807,0.13358
5809,0.03962
5811,0.22590
5812,0.15807
5814,0.40922
5817,0.31277
5818,0.31321
5819,0.15717
5822,0.30229
5824,0.12559
5827,0.28726
5828,0.30814
5829,0.30561
5830,0.03502
5832,0.02288
5835,0.12343
5837,0.15436
5838,0.00156
5839,0.24297
5844,0.33776
5848,0.24436
5850,0.05829
5860,0.09417
5863,0.23655
5871,0.31156
5872,0.34605
5880,0.01169
5882,0.00926
5886,0.32620
5887,0.07724
5891,0.22063
5897,0.28693
5902,0.29685
5922,0.20112
5925,0.24296
5926,0.02038
5928,0.22241
5931,0.02423
5932,0.22795
5933,0.17815
5936,0.23767
5947,0.31157
5950,0.13875
5955,0.01575
5956,0.00392
5963,0.20710
5969,0.11632
5971,0.00000
5972,0.06825
5973,0.11931
5977,0.07233
5980,0.12778
5991,0.09204
5994,0.25990
5998,0.22793
6000,0.14915
6001,0.18390
6004,0.30009
6006,0.37309
6009,0.04978
6010,0.02202
6021,0.05582
6023,0.07778
6025,0.00000
6027,0.02245
6029,0.16253
6032,0.24026
6041,0.03342
6043,0.21084
6044,0.23249
6047,0.05212
6054,0.02078
6055,0.00968
6059,0.03115
6078,0.04652
6080,0.02404
6083,0.04172
6088,0.00206
6090,0.00000
6094,0.14676
6096,0.02969
6097,0.26695
6098,0.27974
6101,0.00000
6105,0.07564
6106,0.03550
6107,0.02647
6109,0.02539
6110,0.02329
6111,0.05056
6123,0.28509
6124,0.32672
6130,0.03191
6148,0.19251
6149,0.02200
6151,0.27133
6156,0.33257
6161,0.08217
6162,0.02691
6164,0.04864
6166,0.20565
6170,0.19140
6174,0.15959
6198,0.07280
6218,0.19410
6221,0.20890
6225,0.02395
6226,0.08096
6227,0.25222
6229,0.30804
6235,0.03985
6241,0.12388
6243,0.17123
6246,0.24176
6251,0.23630
6255,0.12153
6257,0.01433
6259,0.00000
6261,0.06136
6262,0.24396
6267,0.00000
6269,0.04488
6270,0.16669
6272,0.26558
6278,0.02062
6279,0.00311
6280,0.00603
6296,0.21737
6299,0.36403
6302,0.07831
6305,0.22592
6306,0.33097
6307,0.00876
6311,0.04432
6320,0.12939
6321,0.01030
6323,0.11375
6327,0.40793
6328,0.24125
6330,0.28514
6334,0.18336
6337,0.34309
6340,0.02590
6344,0.02150
6347,0.27235
6360,0.05742
6376,0.03066
6388,0.22568
6400,0.19226
6407,0.15396
6409,0.08223
6414,0.32067
6417,0.28966
6421,0.01884
6422,0.16797
6424,0.10251
6427,0.01777
6432,0.21770
6435,0.04249
6437,0.31137
6441,0.27278
6442,0.18976
6447,0.06037
6458,0.25299
6462,0.06052
6464,0.05345
6472,0.05073
6474,0.11616
6475,0.01435
6481,0.29573
6491,0.05080
6496,0.32916
6498,0.19419
6501,0.19979
6503,0.16674
6505,0.31679
6511,0.04420
6523,0.32280
6528,0.19533
6529,0.06698
6530,0.01587
6532,0.01758
6543,0.02189
6552,0.15954
6553,0.11358
6554,0.16814
6555,0.32843
6560,0.42769
6566,0.24029
6567,0.06041
6568,0.00808
6570,0.17181
6571,0.06088
6576,0.24385
6589,0.19725
6590,0.03785
6592,0.02740
6594,0.19653
6595,0.17320
6596,0.09705
6599,0.17438
6600,0.26891
6606,0.09784
6611,0.01020
6613,0.18618
6618,0.16521
6621,0.00403
6623,0.00007
6624,0.26631
6628,0.05638
6632,0.20643
6634,0.45301
6641,0.00186
6661,0.01607
6663,0.07144
6665,0.39580
6668,0.04121
6670,0.02402
6680,0.00422
6681,0.00461
6682,0.04395
6685,0.02672
6686,0.04432
6691,0.00018
6699,0.19872
6700,0.07658
6707,0.02047
6709,0.00506
6712,0.09460
6714,0.17872
6715,0.32405
6720,0.21080
6721,0.03364
6723,0.01347
6724,0.02649
6725,0.11398
6736,0.18651
6737,0.08573
6739,0.19659
6755,0.03209
6756,0.00165
6757,0.00001
6759,0.07536
6762,0.00540
6765,0.18211
6769,0.01325
6770,0.26780
6772,0.01678
6774,0.34908
6777,0.08043
6778,0.00841
6780,0.17082
6783,0.22048
6784,0.35079
6788,0.04282
6789,0.18447
6790,0.22893
6791,0.00003
6803,0.12947
6805,0.03261
6806,0.04935
6809,0.04917
6813,0.00792
6826,0.01008
6832,0.47822
6833,0.27093
6840,0.04490
6850,0.12966
6855,0.29066
6856,0.00234
6858,0.00466
6860,0.25357
6869,0.31605
6871,0.00012
6873,0.21370
6875,0.19481
6890,0.04462
6892,0.03458
6897,0.23939
6901,0.23261
6904,0.00114
6907,0.20337
6913,0.27006
6914,0.30946
6917,0.02567
6918,0.20655
6920,0.02274
6923,0.03634
6924,0.03293
6930,0.23210
6933,0.05430
6934,0.29618
6938,0.04480
6942,0.05967
6945,0.12118
6946,0.36278
6948,0.14371
6950,0.01688
6951,0.01024
6953,0.13208
6955,0.23205
6965,0.00333
6967,0.03333
6976,0.21789
6979,0.33289
6980,0.21307
6982,0.09547
6983,0.00034
6987,0.00373
6993,0.07869
6994,0.15004
6997,0.01447
7005,0.17788
7012,0.17827
7021,0.27585
7023,0.02066
7033,0.00000
7034,0.01865
7040,0.08723
7042,0.00396
7047,0.18745
7050,0.15765
7052,0.28796
7054,0.16826
7059,0.12448
7060,0.02565
7062,0.00958
7063,0.21800
7073,0.15055
7074,0.07452
7088,0.11383
7092,0.43850
7094,0.20283
7101,0.19354
7108,0.22506
7110,0.05550
7115,0.30561
7116,0.15228
7119,0.19705
7120,0.08303
7131,0.17698
7143,0.18879
7144,0.19318
7146,0.02370
7149,0.01391
7161,0.01031
7162,0.05024
7168,0.21847
7185,0.10744
7186,0.09217
7191,0.00000
7195,0.00000
7201,0.05836
7204,0.00344
7214,0.19960
7215,0.00322
7222,0.01131
7225,0.18922
7233,0.17252
7237,0.21147
7238,0.14177
7243,0.01906
7246,0.01968
7250,0.01283
7254,0.01625
7257,0.01481
7262,0.02996
7273,0.00270
7277,0.19660
7279,0.22843
7280,0.23669
7289,0.02955
7290,0.01018
7292,0.00040
7295,0.15128
7297,0.00101
7301,0.16979
7304,0.04611
7306,0.03688
7315,0.02516
7316,0.00638
7318,0.00281
7319,0.04356
7323,0.03311
7341,0.15571
7351,0.22715
7359,0.01281
7362,0.07212
7365,0.00532
7373,0.21398
7378,0.18326
7381,0.22665
7386,0.13705
7387,0.00554
7389,0.09054
7391,0.13854
7393,0.03713
7397,0.04571
7400,0.22231
7407,0.00336
7414,0.29832
7422,0.13449
7423,0.02080
7434,0.00851
7436,0.04394
7439,0.01069
7440,0.01272
7442,0.11894
7443,0.16815
7449,0.03629
7450,0.15347
7467,0.00000
7478,0.29571
7490,0.00519
7491,0.05006
7493,0.03280
7495,0.00000
7497,0.11896
7498,0.01749
7506,0.00055
7508,0.00775
7510,0.23364
7512,0.11058
7517,0.06086
7520,0.01080
7529,0.14067
7533,0.00714
7534,0.00300
7544,0.17393
7553,0.46006
7557,0.02664
7561,0.19474
7567,0.03532
7574,0.06450
7583,0.00734
7587,0.28073
7588,0.05272
7590,0.00437
7593,0.05763
7604,0.01538
7618,0.16750
7620,0.47193
7624,0.20015
7632,0.44319
7634,0.04114
7636,0.00091
7642,0.02422
7646,0.15004
7647,0.07451
7648,0.02416
7649,0.21525
7651,0.20040
7652,0.03717
7653,0.01663
7658,0.03447
7662,0.23091
7666,0.06278
7668,0.03826
7669,0.01064
7672,0.00052
7673,0.04562
7675,0.01739
7683,0.15523
7688,0.02139
7690,0.00242
7691,0.01495
7694,0.15338
7695,0.14510
7699,0.27323
7701,0.04832
7707,0.18698
7708,0.00042
7726,0.20022
7730,0.01338
7734,0.01562
7735,0.00188
7740,0.01861
7757,0.17910
7763,0.17661
7765,0.00317
7778,0.11643
7788,0.17113
7791,0.05582
7795,0.21427
7797,0.00151
7799,0.03453
7803,0.12276
7809,0.34920
7810,0.18290
7813,0.17484
7819,0.05043
7833,0.17505
7835,0.13759
7839,0.21839
7840,0.00245
7855,0.19953
7857,0.03136
7860,0.16155
7862,0.18727
7871,0.16070
7874,0.05215
7879,0.14067
7881,0.00162
7882,0.17179
7890,0.21080
7899,0.03911
7908,0.23974
7909,0.00276
7910,0.19697
7912,0.13693
7913,0.01842
7921,0.05743
7924,0.16828
7927,0.15968
7928,0.04278
7946,0.16271
7952,0.01210
7957,0.01865
7961,0.26773
7965,0.14374
7973,0.00000
7979,0.16442
7982,0.00000
7986,0.00000
7991,0.00366
7992,0.12190
7994,0.04395
7996,0.03881
8002,0.08650
8007,0.00263
8015,0.00000
8019,0.00880
8021,0.00174
8024,0.01417
8025,0.00414
8028,0.00140
8033,0.00572
8037,0.15127
8038,0.00262
8042,0.17266
8043,0.00615
8044,0.11908
8050,0.03162
8051,0.13915
8058,0.00424
8068,0.02652
8073,0.08575
8076,0.00000
8079,0.01211
8083,0.15970
8089,0.00004
8090,0.02348
8121,0.14935
8122,0.13308
8124,0.10232
8128,0.14450
8130,0.04069
8132,0.04997
8134,0.18425
8139,0.00755
8141,0.14478
8148,0.03486
8149,0.00899
8163,0.14780
8165,0.00072
8168,0.14142
8169,0.05818
8174,0.19978
8175,0.00033
8178,0.13435
8186,0.01488
8192,0.17389
8198,0.12019
8204,0.01559
8209,0.15630
8212,0.14963
8219,0.14785
8224,0.13352
8225,0.01747
8226,0.02758
8227,0.00036
8235,0.00762
8237,0.10644
8246,0.02665
8249,0.08594
8263,0.00744
8271,0.00461
8275,0.01156
8276,0.00610
8277,0.01502
8282,0.01592
8283,0.00316
8284,0.00416
8285,0.00604
8286,0.01445
8287,0.04323
8288,0.02466
8289,0.00475
8290,0.30057
8291,0.22317
8292,0.18551
8293,0.54613
8294,0.43470
8295,0.42376
8296,0.05323
8297,0.14150
