3,0.00509
4,0.00926
5,0.00443
6,0.13313
7,0.01037
8,0.04049
9,0.02931
10,0.02303
11,0.62054
12,0.03639
13,0.00395
14,0.06279
15,0.05241
16,0.01063
17,0.01276
18,0.00457
19,0.00913
20,0.11190
21,0.03700
22,0.00079
23,0.02294
24,0.33348
25,0.02696
26,0.01847
27,0.06549
28,0.04513
29,0.08520
30,0.00998
31,0.00468
32,0.00167
33,0.00884
34,0.00101
35,0.02774
36,0.23995
37,0.02490
38,0.00625
39,0.01349
40,0.00419
41,0.01094
42,0.06103
43,0.00158
44,0.05187
45,0.00322
46,0.02371
47,0.12372
48,0.01031
49,0.01133
50,0.00420
51,0.01123
52,0.00022
53,0.05969
54,0.00320
55,0.02242
56,0.01929
57,0.00658
58,0.02651
59,0.07653
60,0.01227
62,0.00528
63,0.00010
64,0.00010
65,0.00024
66,0.03965
67,0.00816
68,0.37310
71,0.11235
72,0.16475
73,0.00481
74,0.04464
75,0.01456
76,0.00039
77,0.01189
78,0.01342
79,0.01859
80,0.02000
81,0.00636
82,0.00012
83,0.00516
84,0.00022
85,0.00022
86,0.11325
87,0.23307
88,0.00022
89,0.02580
90,0.07765
91,0.00049
92,0.00049
93,0.00011
94,0.03817
95,0.00012
96,0.00051
98,0.00461
99,0.02572
100,0.00072
101,0.00580
102,0.00177
103,0.06632
104,0.01095
105,0.00065
106,0.00723
107,0.00057
108,0.00033
109,0.21823
110,0.03934
111,0.00904
112,0.00031
113,0.09151
114,0.00031
115,0.00079
116,0.00068
117,0.00031
118,0.00031
119,0.00031
120,0.00987
121,0.00278
122,0.33513
123,0.00031
124,0.00033
125,0.01565
126,0.01998
127,0.17599
128,0.07285
129,0.00156
130,0.00617
132,0.02242
133,0.00300
134,0.00016
135,0.00127
136,0.11153
137,0.00011
138,0.02873
139,0.01507
140,0.00546
141,0.00011
142,0.00926
143,0.07009
145,0.01503
146,0.00010
147,0.06140
149,0.00019
150,0.01940
151,0.03797
152,0.00758
153,0.00022
154,0.04002
155,0.02263
156,0.00110
157,0.03260
158,0.00144
159,0.00011
160,0.00011
161,0.02453
162,0.00055
163,0.00787
164,0.00312
165,0.00036
166,0.10942
168,0.00714
169,0.00070
171,0.04425
172,0.17427
173,0.28392
174,0.00007
175,0.00027
176,0.02173
177,0.01202
178,0.05503
179,0.00579
180,0.05159
181,0.00267
182,0.08401
185,0.00649
187,0.02071
188,0.00373
189,0.00131
190,0.00152
191,0.01160
192,0.00823
193,0.02611
194,0.00432
195,0.00131
196,0.00131
197,0.00667
198,0.00131
199,0.01494
200,0.00131
201,0.01111
202,0.00204
203,0.04772
204,0.00925
205,0.00504
206,0.00131
207,0.00131
208,0.00381
209,0.00692
210,0.00131
211,0.00043
212,0.00347
213,0.00231
215,0.06925
216,0.01048
217,0.00013
218,0.00028
221,0.00164
222,0.00348
223,0.00347
224,0.01265
225,0.00040
226,0.01738
227,0.00420
228,0.00320
230,0.00306
231,0.02982
232,0.02181
233,0.00040
234,0.00040
235,0.00158
236,0.01405
237,0.04134
238,0.00195
239,0.00040
240,0.00297
241,0.00441
242,0.00148
243,0.00055
244,0.00311
245,0.00244
246,0.00040
247,0.00188
248,0.00040
249,0.00955
251,0.00309
253,0.00015
254,0.00936
255,0.05340
256,0.00363
257,0.00286
258,0.00395
259,0.05364
260,0.00663
261,0.00083
263,0.01802
264,0.00118
265,0.02581
266,0.00898
267,0.00118
268,0.00197
269,0.01498
270,0.01363
273,0.00160
275,0.06001
276,0.00224
277,0.00029
280,0.06893
282,0.01909
283,0.00043
284,0.00169
285,0.00593
287,0.00015
288,0.00015
289,0.00015
290,0.09214
291,0.05944
292,0.00273
293,0.00198
294,0.00096
295,0.00324
296,0.00428
297,0.00096
298,0.00096
301,0.00004
302,0.00613
303,0.00030
304,0.05036
305,0.00609
306,0.22757
307,0.00118
308,0.12605
309,0.00034
310,0.20391
311,0.33562
312,0.10314
313,0.06659
314,0.00034
315,0.05675
316,0.00219
317,0.08310
318,0.00194
319,0.19776
320,0.00448
321,0.01323
323,0.00016
324,0.00848
325,0.03099
326,0.00476
327,0.00316
328,0.00675
329,0.00245
330,0.00016
331,0.00245
333,0.00036
334,0.02184
335,0.05195
336,0.02991
337,0.00010
338,0.00010
339,0.04230
340,0.01186
341,0.03024
342,0.00037
343,0.00158
344,0.00054
345,0.00355
346,0.11261
347,0.00685
348,0.01176
349,0.00013
350,0.00045
351,0.01177
352,0.00240
353,0.00261
355,0.00017
356,0.01788
357,0.00009
362,0.00007
363,0.00334
364,0.00930
365,0.00265
366,0.00658
367,0.00270
368,0.00022
369,0.00022
371,0.11914
372,0.00052
374,0.00040
375,0.00011
376,0.02375
381,0.00056
382,0.00046
383,0.05643
384,0.00046
386,0.00104
387,0.00647
388,0.00348
391,0.00030
393,0.00009
395,0.04951
397,0.00019
398,0.00653
399,0.00304
400,0.00513
401,0.00019
403,0.01953
404,0.00386
405,0.02071
406,0.01920
407,0.16208
408,0.00019
409,0.00033
410,0.00167
411,0.00019
412,0.02221
413,0.00019
414,0.00102
415,0.00205
416,0.00037
417,0.01104
418,0.00009
423,0.00657
424,0.00219
425,0.08958
426,0.00797
427,0.00474
429,0.00155
430,0.00065
432,0.15876
434,0.00635
436,0.00011
437,0.00011
438,0.00020
439,0.00447
440,0.00156
441,0.00020
443,0.00040
444,0.00068
445,0.00398
446,0.00040
447,0.01985
448,0.00040
449,0.01114
450,0.00040
451,0.00040
453,0.00020
454,0.00197
455,0.00111
456,0.00479
457,0.80840
458,0.00197
460,0.00076
461,0.00075
462,0.00094
463,0.00085
465,0.01821
467,0.01232
468,0.00006
469,0.01537
472,0.00002
473,0.00010
476,0.00006
479,0.00542
480,0.00006
481,0.00006
486,0.00006
488,0.00246
489,0.00067
490,0.00010
492,0.00096
493,0.00194
494,0.00139
495,0.00746
497,0.00050
498,0.00056
499,0.00725
501,0.00730
502,0.00293
504,0.00010
507,0.00047
509,0.00010
511,0.00379
513,0.00103
516,0.00003
519,0.00004
520,0.00004
521,0.00707
522,0.00004
523,0.00004
525,0.00004
527,0.00018
528,0.00018
529,0.00018
530,0.00315
531,0.00018
532,0.00198
534,0.00618
536,0.00396
539,0.00140
540,0.00026
541,0.00064
542,0.00736
543,0.00027
544,0.00130
545,0.02349
546,0.18385
547,0.00027
548,0.00027
549,0.00269
550,0.00027
551,0.00027
552,0.00213
553,0.02924
554,0.00765
555,0.00169
556,0.10393
557,0.00025
558,0.00025
559,0.00274
560,0.00330
561,0.00231
562,0.00044
563,0.00044
564,0.00730
565,0.00044
567,0.00021
568,0.00012
569,0.00012
570,0.00193
571,0.00012
572,0.00871
573,0.00012
574,0.00164
575,0.00207
576,0.00020
577,0.00020
578,0.00020
579,0.00259
580,0.03100
582,0.04820
583,0.04204
584,0.00101
585,0.00192
586,0.00791
587,0.01251
588,0.01678
590,0.00502
591,0.00045
592,0.00168
593,0.00010
594,0.00010
595,0.00104
596,0.00010
597,0.00088
598,0.00019
599,0.00019
600,0.23477
601,0.00547
602,0.00004
604,0.00303
605,0.00011
606,0.00034
608,0.00256
610,0.00014
612,0.00013
613,0.00061
614,0.00298
615,0.00802
616,0.00044
618,0.00502
620,0.00407
621,0.00007
624,0.00025
625,0.00596
626,0.02328
628,0.00052
632,0.00044
633,0.03677
634,0.18146
635,0.05956
636,0.00602
637,0.03670
638,0.00044
639,0.01673
640,0.00385
641,0.00060
642,0.00078
643,0.03843
644,0.02140
645,0.01538
646,0.02278
647,0.02411
648,0.00058
649,0.01685
650,0.08017
651,0.00037
652,0.00075
653,0.00069
654,0.00027
655,0.00027
657,0.00146
658,0.00369
659,0.01663
661,0.00174
662,0.00124
663,0.14480
664,0.00854
665,0.00973
666,0.00093
667,0.02624
668,0.00453
669,0.00008
672,0.00037
673,0.00344
674,0.00761
675,0.00014
676,0.00024
677,0.00085
678,0.00021
679,0.00287
682,0.00065
683,0.00013
684,0.00045
686,0.05056
688,0.00246
689,0.05338
690,0.00526
691,0.01712
692,0.00059
693,0.00008
695,0.15205
696,0.00324
697,0.10350
698,0.01762
699,0.00687
701,0.00726
703,0.00011
704,0.08910
705,0.01180
706,0.06958
707,0.08032
708,0.04090
709,0.00011
710,0.11129
711,0.00011
712,0.01374
713,0.00188
715,0.01285
716,0.00016
717,0.00016
718,0.00016
719,0.00104
720,0.00016
721,0.00016
722,0.28617
723,0.00031
724,0.00291
725,0.00274
726,0.00077
727,0.04667
728,0.00233
729,0.00040
730,0.02205
731,0.00040
732,0.00211
733,0.00598
734,0.00040
735,0.00040
736,0.00224
737,0.21272
738,0.00481
742,0.07812
744,0.00026
745,0.00049
748,0.00185
749,0.08862
751,0.00037
752,0.00037
753,0.00037
754,0.00194
755,0.00037
758,0.00179
759,0.07611
760,0.00063
761,0.00878
762,0.05066
763,0.09265
764,0.04787
766,0.95397
767,0.00063
768,0.00201
769,0.14704
770,0.00121
771,0.00428
772,0.00155
773,0.00049
774,0.00049
775,0.00201
776,0.00049
780,0.00132
781,0.01013
782,0.00384
783,0.00107
784,0.28245
785,0.00107
786,0.00141
787,0.01473
788,0.11650
789,0.37442
791,0.04570
792,0.00053
794,0.01178
795,0.05548
796,0.00225
797,0.00180
798,0.01829
799,0.00015
800,0.00041
801,0.00202
802,0.00217
803,0.00348
804,0.00432
805,0.09558
807,0.00012
808,0.00334
810,0.02560
811,0.00130
812,0.00113
813,0.34468
814,0.00122
815,0.00089
816,0.02928
818,0.00043
819,0.00015
820,0.01743
821,0.00015
822,0.01325
823,0.00691
824,0.00183
825,0.24851
826,0.24575
827,0.00311
830,0.00300
831,0.00689
832,0.00177
835,0.00026
836,0.03131
837,0.00294
838,0.02364
840,0.00711
841,0.06727
842,0.03258
843,0.00040
844,0.03271
845,0.00023
847,0.00023
848,0.00262
850,0.00626
851,0.00157
852,0.05516
853,0.00797
854,0.10881
855,0.00147
856,0.12778
859,0.01579
860,0.00253
861,0.02081
862,0.00073
863,0.00212
865,0.11323
867,0.00022
869,0.00489
870,0.02810
871,0.03834
872,0.02525
873,0.00217
874,0.00014
876,0.00044
877,0.00089
879,0.19458
880,0.00019
882,0.00324
883,0.00170
885,0.00225
886,0.00262
887,0.00025
888,0.00025
889,0.00025
890,0.00025
891,0.00025
892,0.00045
895,0.00416
896,0.02872
897,0.00033
898,0.01300
899,0.02236
900,0.00271
902,0.00223
903,0.00082
904,0.08967
905,0.00079
907,0.00735
908,0.01193
909,0.01121
910,0.00122
911,0.01027
912,0.00438
913,0.00465
914,0.00693
915,0.00845
916,0.00299
917,0.00069
918,0.01266
919,0.00069
920,0.00998
921,0.00394
922,0.12241
923,0.00069
924,0.00069
926,0.00153
927,0.00011
928,0.02455
931,0.00089
932,0.00061
933,0.01344
935,0.01991
937,0.04316
938,0.00049
940,0.00017
941,0.06649
943,0.02962
944,0.00355
946,0.12310
947,0.04549
948,0.02931
949,0.00703
950,0.00981
951,0.00019
954,0.02529
956,0.03715
957,0.00104
959,0.01497
960,0.02074
961,0.01708
962,0.00499
963,0.00400
964,0.00364
965,0.00017
967,0.01881
968,0.00354
969,0.00063
970,0.00816
971,0.04992
973,0.00015
974,0.07042
975,0.01130
976,0.00012
978,0.05866
980,0.00015
981,0.01017
982,0.04294
983,0.00010
984,0.00806
985,0.00593
986,0.08626
987,0.00084
988,0.38600
990,0.00017
992,0.00026
993,0.22698
994,0.06356
996,0.37948
998,0.01968
999,0.00274
1000,0.06365
1001,0.00070
1002,0.00070
1003,0.02019
1004,0.01552
1005,0.00316
1006,0.09714
1008,0.01425
1009,0.03475
1010,0.00449
1011,0.00620
1012,0.00221
1013,0.01560
1016,0.00000
1017,0.00000
1018,0.00539
1019,0.00000
1021,0.00203
1022,0.00947
1023,0.00924
1024,0.05594
1025,0.00203
1027,0.00200
1028,0.00479
1029,0.07778
1031,0.02526
1032,0.05550
1033,0.00323
1034,0.03798
1035,0.00945
1037,0.12996
1038,0.00306
1039,0.00614
1040,0.00014
1041,0.06246
1042,0.04295
1043,0.02432
1044,0.00814
1045,0.00037
1046,0.01392
1047,0.00037
1048,0.00148
1049,0.00072
1050,0.04132
1051,0.06029
1052,0.00239
1055,0.25093
1058,0.00019
1059,0.00138
1060,0.00019
1061,0.00128
1062,0.17274
1063,0.03844
1064,0.01883
1065,0.00888
1066,0.00242
1067,0.00169
1068,0.00205
1070,0.00010
1071,0.00010
1072,0.00010
1074,0.09334
1075,0.08358
1078,0.00335
1079,0.00217
1080,0.00605
1081,0.00118
1082,0.00319
1083,0.00203
1084,0.00395
1085,0.00383
1086,0.00497
1087,0.00326
1088,0.00038
1089,0.00613
1090,0.00178
1093,0.00194
1094,0.00194
1095,0.00927
1096,0.00042
1097,0.15081
1098,0.32248
1099,0.00953
1100,0.00244
1101,0.00042
1102,0.01902
1103,0.01056
1104,0.00042
1105,0.00436
1106,0.00389
1107,0.00042
1108,0.00042
1109,0.00042
1110,0.00042
1111,0.08336
1112,0.00042
1113,0.01022
1114,0.02198
1115,0.00004
1120,0.00045
1124,0.02050
1125,0.05161
1126,0.00158
1127,0.07409
1128,0.01135
1129,0.05506
1130,0.00023
1132,0.07984
1133,0.49348
1134,0.00613
1135,0.10940
1137,0.15720
1138,0.00191
1139,0.00056
1141,0.00128
1142,0.06480
1143,0.01357
1144,0.00608
1145,0.00194
1146,0.00052
1147,0.00334
1148,0.00107
1150,0.00844
1151,0.57619
1154,0.00046
1155,0.00034
1156,0.00510
1157,0.00051
1158,0.00034
1159,0.00087
1160,0.01397
1161,0.00017
1164,0.05037
1165,0.02423
1166,0.75722
1167,0.15781
1168,0.00434
1169,0.04145
1170,0.00193
1171,0.00158
1172,0.00158
1173,0.00158
1174,0.00158
1175,0.00158
1176,0.00158
1177,0.00158
1178,0.00158
1179,0.01725
1180,0.00158
1181,0.00158
1182,0.00455
1183,0.00848
1184,0.10192
1185,0.04532
1187,0.00197
1188,0.00203
1189,0.00034
1190,0.00770
1193,0.04024
1194,0.00021
1195,0.00184
1196,0.01081
1197,0.00197
1198,0.00673
1199,0.00106
1200,0.14466
1201,0.02587
1202,0.06517
1203,0.02169
1204,0.06982
1205,0.00057
1206,0.00057
1207,0.03033
1208,0.00057
1209,0.00057
1210,0.26696
1211,0.08877
1212,0.00776
1213,0.00057
1214,0.00106
1215,0.09715
1216,0.00057
1219,0.00018
1221,0.07207
1223,0.00050
1224,0.00050
1225,0.00050
1226,0.00050
1227,0.00050
1228,0.01960
1229,0.00050
1230,0.03574
1231,0.00050
1232,0.00050
1233,0.00970
1234,0.01364
1235,0.01368
1236,0.11920
1237,0.00285
1238,0.00050
1239,0.00050
1241,0.05049
1242,0.00993
1243,0.00446
1244,0.00145
1245,0.00373
1246,0.00349
1247,0.11504
1248,0.01939
1252,0.00096
1253,0.04877
1254,0.00032
1255,0.00032
1256,0.00032
1257,0.00032
1258,0.00032
1259,0.05472
1260,0.00113
1261,0.00682
1262,0.00072
1264,0.00035
1267,0.06576
1268,0.00019
1269,0.00019
1271,0.00042
1272,0.00020
1273,0.00020
1274,0.00020
1275,0.00020
1276,0.00020
1278,0.05101
1279,0.10589
1280,0.00409
1281,0.00911
1282,0.00632
1284,0.01621
1285,0.04826
1286,0.08679
1290,0.01515
1291,0.03900
1292,0.00448
1293,0.02256
1294,0.00043
1295,0.00043
1296,0.01353
1297,0.10743
1298,0.00112
1299,0.00213
1301,0.00228
1302,0.00041
1303,0.00041
1304,0.00041
1305,0.34386
1306,0.01695
1308,0.00258
1309,0.00052
1310,0.00205
1311,0.00070
1312,0.00052
1313,0.00052
1314,0.00043
1315,0.00440
1316,0.00881
1317,0.00043
1318,0.00157
1319,0.20611
1320,0.00891
1322,0.01334
1324,0.00010
1325,0.00096
1326,0.00553
1327,0.00096
1328,0.00157
1329,0.00404
1331,0.00686
1332,0.00096
1333,0.00135
1334,0.00086
1335,0.05809
1336,0.00877
1337,0.00086
1338,0.00169
1339,0.00653
1340,0.00266
1341,0.00204
1342,0.00615
1343,0.00493
1344,0.00105
1345,0.00086
1346,0.00264
1349,0.00131
1350,0.09608
1351,0.00063
1352,0.09299
1353,0.04104
1354,0.00930
1355,0.00415
1356,0.01767
1357,0.09074
1358,0.03142
1359,0.00500
1360,0.03677
1361,0.00063
1362,0.00250
1365,0.00764
1366,0.00031
1367,0.05961
1368,0.03827
1369,0.00140
1370,0.00140
1373,0.00487
1374,0.56289
1375,0.00326
1376,0.00027
1377,0.02751
1378,0.01442
1379,0.00027
1380,0.06108
1381,0.06665
1382,0.02712
1383,0.00401
1384,0.05235
1385,0.04313
1386,0.04410
1387,0.00031
1388,0.00115
1390,0.04228
1391,0.00044
1392,0.00099
1393,0.00367
1394,0.00613
1395,0.21105
1397,0.00033
1398,0.00033
1399,0.00033
1400,0.00365
1401,0.00232
1403,0.00147
1404,0.00019
1405,0.00019
1406,0.00070
1407,0.00325
1408,0.00019
1409,0.00019
1410,0.00019
1411,0.00019
1416,0.01573
1419,0.04429
1420,0.00900
1421,0.00088
1422,0.00037
1423,0.00430
1424,0.05558
1426,0.00036
1427,0.00187
1428,0.18293
1429,0.00176
1430,0.00187
1431,0.00036
1432,0.00065
1433,0.00105
1434,0.00044
1436,0.00044
1438,0.00019
1439,0.00670
1440,0.00112
1441,0.03400
1442,0.01635
1443,0.00174
1444,0.00044
1445,0.00019
1446,0.00171
1447,0.00403
1448,0.00096
1449,0.00096
1450,0.00096
1451,0.00222
1452,0.00169
1454,0.00061
1455,0.00061
1456,0.00061
1457,0.00525
1458,0.00061
1459,0.00061
1460,0.00061
1461,0.00061
1462,0.06990
1463,0.03308
1465,0.01124
1466,0.02815
1467,0.01125
1468,0.02904
1469,0.00598
1470,0.23386
1471,0.08027
1472,0.00035
1473,0.10385
1474,0.00238
1480,0.03910
1481,0.00055
1482,0.02761
1483,0.04216
1487,0.11098
1488,0.00356
1489,0.05975
1492,0.17370
1493,0.00095
1494,0.00095
1495,0.01198
1496,0.27798
1497,0.03619
1498,0.01389
1499,0.01027
1500,0.06634
1501,0.04206
1502,0.00117
1503,0.00114
1504,0.00662
1505,0.00354
1506,0.04501
1507,0.00191
1509,0.00198
1510,0.00689
1511,0.00049
1512,0.00026
1515,0.00027
1516,0.00027
1517,0.00027
1519,0.00030
1520,0.00163
1521,0.12544
1522,0.19030
1523,0.00032
1524,0.00443
1525,0.02525
1526,0.00280
1527,0.00070
1528,0.00030
1529,0.00270
1530,0.01274
1534,0.00134
1535,0.00114
1536,0.00077
1537,0.11883
1538,0.08685
1539,0.00354
1540,0.00025
1541,0.00025
1542,0.30462
1543,0.00025
1545,0.00025
1546,0.00025
1547,0.03594
1548,0.00702
1549,0.72089
1550,0.06968
1551,0.00058
1552,0.11187
1553,0.01901
1554,0.00740
1555,0.07124
1558,0.00026
1559,0.00026
1560,0.00162
1561,0.00064
1564,0.02887
1565,0.00784
1566,0.05653
1568,0.00020
1569,0.00193
1570,0.00308
1571,0.02821
1572,0.00024
1574,0.00036
1575,0.00036
1576,0.00010
1578,0.00052
1579,0.00052
1581,0.00076
1582,0.01254
1583,0.11128
1584,0.00036
1585,0.11618
1587,0.00528
1588,0.00035
1589,0.00793
1590,0.00051
1591,0.00051
1592,0.04174
1594,0.10576
1596,0.04974
1599,0.00175
1601,0.00383
1602,0.00062
1603,0.01868
1604,0.00289
1605,0.00441
1606,0.00324
1607,0.00099
1608,0.39363
1609,0.00112
1610,0.01292
1611,0.00066
1612,0.05812
1613,0.01384
1614,0.09861
1615,0.11979
1616,0.00016
1617,0.00036
1619,0.00584
1620,0.00105
1621,0.10413
1622,0.07252
1623,0.05591
1625,0.00175
1626,0.00221
1627,0.00055
1628,0.01150
1630,0.00339
1631,0.00536
1632,0.00388
1634,0.00003
1635,0.00003
1636,0.00034
1637,0.00047
1638,0.00237
1639,0.04276
1641,0.00145
1642,0.00053
1643,0.00053
1644,0.07335
1645,0.00258
1646,0.00469
1647,0.03307
1650,0.00080
1651,0.00029
1653,0.00132
1655,0.00045
1656,0.00045
1658,0.00888
1659,0.00065
1660,0.00065
1661,0.10170
1662,0.00428
1663,0.00043
1664,0.00511
1665,0.00062
1666,0.00062
1667,0.06884
1668,0.00449
1670,0.01986
1671,0.00042
1674,0.00989
1675,0.00251
1676,0.00078
1677,0.00164
1678,0.00296
1680,0.00463
1681,0.00160
1682,0.00025
1683,0.00107
1684,0.01372
1685,0.00059
1686,0.00045
1687,0.00622
1688,0.03554
1689,0.00153
1690,0.00127
1691,0.07022
1692,0.00279
1693,0.00521
1694,0.00053
1695,0.00053
1696,0.00450
1697,0.09720
1698,0.00053
1699,0.00053
1700,0.09473
1701,0.17858
1703,0.00057
1704,0.00057
1705,0.04997
1706,0.00411
1707,0.04718
1708,0.00057
1709,0.00760
1710,0.00057
1711,0.01343
1712,0.00096
1713,0.00096
1714,0.00610
1715,0.00058
1716,0.00389
1717,0.13995
1719,0.01287
1720,0.01482
1721,0.00062
1722,0.01658
1723,0.00062
1724,0.00062
1725,0.00062
1728,0.00018
1729,0.02535
1730,0.07494
1731,0.00039
1732,0.02023
1733,0.07365
1734,0.09283
1735,0.00089
1736,0.00087
1737,0.00835
1738,0.00170
1739,0.00087
1740,0.00087
1741,0.00948
1742,0.00315
1743,0.00047
1744,0.01273
1745,0.00047
1746,0.00734
1747,0.00339
1748,0.09970
1749,0.09370
1751,0.05499
1753,0.00067
1754,0.03444
1755,0.00067
1756,0.07709
1757,0.01195
1758,0.00095
1759,0.00519
1760,0.00047
1761,0.00059
1762,0.04612
1763,0.00018
1764,0.00092
1765,0.00232
1766,0.02836
1767,0.14510
1769,0.09607
1770,0.00008
1772,0.13220
1773,0.00099
1775,0.00112
1777,0.00347
1778,0.00410
1781,0.00930
1782,0.00167
1783,0.08134
1784,0.00084
1785,0.00084
1789,0.01184
1790,0.00138
1792,0.02636
1794,0.04032
1795,0.06798
1796,0.05372
1797,0.00049
1799,0.06990
1800,0.02239
1803,0.02796
1804,0.00048
1805,0.00164
1806,0.00048
1807,0.01288
1808,0.16537
1809,0.00118
1810,0.00048
1811,0.06057
1812,0.00435
1813,0.06520
1814,0.14315
1816,0.01808
1820,0.13280
1821,0.00964
1822,0.01063
1823,0.06142
1825,0.00152
1826,0.00152
1827,0.00266
1828,0.00222
1829,0.00290
1830,0.00303
1831,0.00303
1832,0.00921
1833,0.00836
1834,0.00152
1835,0.11171
1836,0.02170
1837,0.03089
1838,0.05885
1839,0.00152
1840,0.00251
1841,0.00152
1844,0.00070
1845,0.00070
1846,0.00070
1847,0.07592
1848,0.02558
1849,0.00213
1852,0.00070
1853,0.00070
1855,0.01351
1856,0.00070
1857,0.00849
1858,0.00070
1859,0.00729
1860,0.00070
1862,0.00226
1863,0.00109
1865,0.00786
1866,0.00051
1867,0.00079
1868,0.01485
1869,0.00369
1870,0.00138
1871,0.00138
1872,0.00908
1873,0.00138
1874,0.01322
1875,0.04315
1876,0.00509
1879,0.01396
1881,0.00059
1882,0.00059
1883,0.00059
1885,0.06742
1886,0.00455
1887,0.00204
1888,0.03867
1889,0.00116
1890,0.00099
1891,0.04511
1892,0.00425
1894,0.00080
1895,0.00080
1896,0.07496
1897,0.00088
1899,0.00780
1900,0.00046
1901,0.00111
1902,0.00064
1905,0.00061
1906,0.00061
1907,0.00061
1908,0.00756
1909,0.00061
1911,0.00061
1912,0.00381
1913,0.00061
1914,0.00181
1915,0.05777
1916,0.00064
1917,0.00064
1918,0.02891
1919,0.10815
1921,0.00086
1922,0.26065
1923,0.00182
1924,0.00965
1925,0.03107
1926,0.00099
1927,0.00161
1928,0.01051
1929,0.00099
1930,0.00099
1931,0.01892
1932,0.00099
1933,0.00099
1934,0.00099
1935,0.01509
1937,0.02022
1938,0.00099
1939,0.00099
1940,0.00631
1941,0.00041
1943,0.00530
1944,0.00281
1945,0.00195
1946,0.00626
1947,0.02642
1948,0.01526
1951,0.04512
1952,0.00321
1955,0.00023
1958,0.00058
1959,0.00058
1960,0.00058
1961,0.00948
1962,0.02677
1964,0.01405
1965,0.00834
1966,0.02120
1967,0.04441
1968,0.00154
1972,0.27756
1975,0.00084
1976,0.00603
1977,0.03209
1978,0.00084
1979,0.00704
1980,0.06502
1981,0.00162
1982,0.03483
1984,0.01410
1985,0.08450
1986,0.02322
1988,0.00123
1989,0.00123
1990,0.05262
1991,0.08169
1992,0.02208
1993,0.00376
1994,0.00098
1995,0.00338
1996,0.00098
1997,0.07785
2000,0.00110
2001,0.05076
2002,0.00063
2003,0.09934
2005,0.00065
2008,0.00061
2009,0.09526
2010,0.02713
2011,0.00279
2012,0.00310
2013,0.00061
2014,0.01204
2015,0.00061
2016,0.02124
2017,0.00061
2018,0.00180
2019,0.00061
2020,0.00061
2021,0.00061
2023,0.00061
2024,0.00061
2025,0.00061
2026,0.00061
2027,0.00061
2028,0.00133
2029,0.00205
2030,0.00061
2031,0.00061
2032,0.00061
2033,0.03969
2034,0.00061
2035,0.00061
2036,0.00180
2037,0.00910
2038,0.00380
2040,0.00061
2041,0.01106
2042,0.00180
2044,0.00180
2045,0.00061
2047,0.00147
2049,0.00421
2050,0.00551
2051,0.00065
2052,0.01379
2053,0.00077
2054,0.00401
2056,0.00033
2057,0.00033
2058,0.00033
2059,0.00505
2061,0.00524
2062,0.12897
2063,0.02067
2064,0.00661
2065,0.08522
2067,0.00315
2068,0.00236
2069,0.01368
2070,0.00067
2071,0.01272
2072,0.12065
2077,0.00056
2081,0.00040
2082,0.00040
2083,0.00197
2084,0.00484
2085,0.02738
2086,0.00046
2087,0.00046
2088,0.00343
2089,0.00046
2090,0.00046
2091,0.01166
2092,0.00348
2093,0.06203
2094,0.00118
2095,0.00433
2096,0.00157
2097,0.00440
2099,0.01702
2100,0.00024
2102,0.07117
2103,0.00167
2104,0.00137
2105,0.00988
2108,0.00746
2109,0.08732
2110,0.00506
2111,0.00614
2112,0.00002
2113,0.00732
2114,0.05425
2115,0.02294
2116,0.02313
2117,0.03937
2118,0.15937
2119,0.00930
2120,0.12145
2121,0.00083
2125,0.00461
2126,0.00190
2127,0.00885
2128,0.00377
2129,0.07675
2130,0.00992
2131,0.00190
2132,0.00190
2133,0.13024
2134,0.02376
2135,0.24978
2136,0.00052
2138,0.00078
2139,0.00312
2141,0.00195
2142,0.00237
2143,0.00079
2144,0.04581
2145,0.23165
2146,0.00079
2147,0.00079
2148,0.00079
2149,0.00133
2150,0.00079
2152,0.00205
2153,0.00714
2155,0.00085
2156,0.03316
2159,0.01766
2160,0.05605
2161,0.00231
2163,0.00128
2164,0.00084
2167,0.00041
2168,0.00286
2169,0.03162
2170,0.00239
2171,0.02275
2172,0.03517
2173,0.00117
2174,0.07649
2175,0.00014
2176,0.02548
2177,0.00133
2178,0.00770
2179,0.00049
2180,0.00049
2181,0.00172
2182,0.00002
2183,0.00002
2184,0.00142
2186,0.08068
2187,0.00083
2188,0.00434
2189,0.00083
2190,0.00083
2191,0.00083
2192,0.00348
2193,0.01742
2194,0.00284
2196,0.00292
2197,0.00297
2198,0.00097
2199,0.00035
2200,0.00140
2201,0.00031
2203,0.00055
2204,0.00055
2206,0.01021
2209,0.04217
2210,0.02433
2212,0.00044
2213,0.00044
2214,0.00235
2215,0.01971
2216,0.00052
2217,0.01287
2218,0.00040
2219,0.00040
2221,0.00045
2222,0.00045
2223,0.02020
2224,0.00553
2225,0.05864
2226,0.04359
2227,0.00438
2228,0.00011
2229,0.18398
2230,0.06114
2231,0.04928
2232,0.00511
2233,0.03830
2234,0.02107
2235,0.00085
2236,0.10497
2237,0.38732
2238,0.00062
2239,0.00079
2240,0.16191
2241,0.01413
2242,0.00188
2243,0.00017
2246,0.01616
2249,0.04210
2250,0.00250
2251,0.02743
2252,0.02598
2254,0.00681
2255,0.03149
2256,0.27258
2257,0.07859
2258,0.14347
2259,0.00060
2260,0.00091
2261,0.00091
2262,0.00091
2264,0.08717
2265,0.00068
2266,0.00052
2267,0.00101
2268,0.00101
2269,0.00154
2270,0.00101
2272,0.05701
2274,0.04424
2276,0.04564
2277,0.01453
2278,0.00501
2280,0.00001
2281,0.00442
2282,0.00416
2283,0.00051
2285,0.02966
2286,0.00848
2287,0.00420
2288,0.00139
2289,0.02272
2290,0.16405
2291,0.00068
2292,0.00068
2293,0.00185
2294,0.01220
2295,0.00201
2296,0.00247
2297,0.26999
2298,0.06120
2299,0.09979
2300,0.00046
2301,0.00046
2302,0.00046
2304,0.00000
2306,0.00463
2307,0.01041
2308,0.00075
2309,0.00444
2310,0.00075
2311,0.00075
2312,0.00075
2313,0.00075
2314,0.00653
2315,0.00075
2316,0.00319
2317,0.00297
2318,0.00297
2319,0.00414
2320,0.00297
2321,0.00319
2322,0.02343
2323,0.19142
2324,0.00581
2325,0.00218
2326,0.35751
2328,0.29269
2330,0.00190
2331,0.00245
2332,0.04054
2334,0.00045
2335,0.00045
2336,0.00045
2337,0.00045
2338,0.00849
2340,0.00521
2342,0.00920
2343,0.00433
2344,0.00060
2346,0.00212
2349,0.00396
2351,0.00082
2352,0.00352
2353,0.00082
2354,0.00082
2355,0.00158
2356,0.09775
2357,0.01643
2359,0.00234
2360,0.00561
2361,0.00016
2363,0.00383
2364,0.02136
2365,0.12230
2366,0.00832
2367,0.01006
2368,0.03016
2369,0.23033
2370,0.00111
2371,0.17164
2372,0.00600
2373,0.00262
2374,0.00094
2375,0.06430
2376,0.04537
2378,0.00316
2379,0.06942
2380,0.00092
2381,0.13623
2382,0.00356
2384,0.12310
2387,0.10757
2388,0.00095
2389,0.00095
2390,0.00229
2391,0.00091
2392,0.00091
2393,0.00261
2394,0.00091
2395,0.00091
2396,0.00091
2398,0.10233
2399,0.00196
2401,0.00016
2402,0.00092
2403,0.00309
2404,0.00152
2405,0.00152
2406,0.00264
2407,0.00460
2410,0.05472
2411,0.19704
2412,0.00313
2413,0.00297
2414,0.00777
2415,0.00619
2416,0.03752
2417,0.00608
2418,0.00095
2419,0.00000
2424,0.00008
2427,0.01224
2428,0.00069
2429,0.00228
2433,0.00244
2434,0.00176
2435,0.05219
2437,0.00251
2438,0.00118
2439,0.00118
2440,0.08962
2441,0.00118
2442,0.00118
2443,0.00118
2444,0.01216
2445,0.00118
2446,0.00118
2447,0.00118
2448,0.00118
2449,0.00118
2450,0.00118
2451,0.00251
2452,0.04835
2453,0.00118
2454,0.00118
2455,0.00118
2456,0.03964
2457,0.00118
2458,0.00809
2459,0.00118
2460,0.00118
2461,0.00118
2462,0.00318
2463,0.00118
2464,0.00118
2465,0.00118
2466,0.00118
2467,0.00533
2469,0.00388
2471,0.00057
2472,0.09175
2473,0.11510
2474,0.19684
2475,0.00317
2476,0.04520
2477,0.00036
2478,0.00513
2480,0.00965
2481,0.00926
2482,0.00239
2485,0.47659
2487,0.00203
2488,0.03692
2489,0.00093
2491,0.00025
2492,0.00025
2493,0.00688
2494,0.00025
2495,0.00025
2496,0.00160
2497,0.05016
2498,0.00109
2500,0.00079
2502,0.04410
2503,0.00093
2504,0.16636
2505,0.00075
2506,0.06516
2507,0.09969
2508,0.01962
2509,0.01068
2510,0.10768
2511,0.00884
2512,0.00151
2513,0.00151
2514,0.00151
2515,0.00151
2516,0.05806
2517,0.00613
2518,0.00616
2519,0.00158
2520,0.00158
2521,0.00158
2522,0.00158
2523,0.00488
2524,0.00939
2526,0.00158
2527,0.00506
2528,0.00158
2529,0.00158
2530,0.00158
2531,0.00323
2534,0.00158
2535,0.08734
2536,0.00158
2537,0.00158
2538,0.00158
2540,0.00158
2541,0.05751
2542,0.14605
2543,0.00109
2544,0.02298
2545,0.00896
2546,0.05372
2547,0.15474
2548,0.01928
2549,0.11215
2550,0.02793
2551,0.00322
2552,0.00606
2555,0.01360
2556,0.00173
2557,0.08296
2558,0.00279
2559,0.13121
2560,0.22802
2561,0.00266
2562,0.00461
2563,0.00225
2564,0.08832
2565,1.00000
2566,0.05852
2567,0.01216
2568,0.00445
2569,0.00497
2570,0.00138
2572,0.00386
2573,0.00036
2574,0.00384
2576,0.20009
2577,0.00162
2578,0.01560
2581,0.00075
2582,0.00075
2583,0.00423
2584,0.00075
2585,0.12211
2586,0.00185
2587,0.02311
2592,0.01871
2593,0.04419
2594,0.07940
2595,0.09401
2596,0.02223
2597,0.00209
2598,0.01181
2599,0.01648
2603,0.00053
2605,0.09421
2606,0.00347
2607,0.00347
2608,0.01654
2609,0.01111
2610,0.00347
2611,0.01493
2612,0.05360
2613,0.04666
2614,0.00715
2615,0.00422
2616,0.00347
2617,0.03788
2618,0.08754
2619,0.07240
2620,0.03003
2621,0.00958
2623,0.13500
2624,0.00347
2626,0.00386
2627,0.00138
2628,0.00130
2630,0.00288
2631,0.00187
2632,0.00187
2633,0.00109
2634,0.00109
2635,0.00109
2636,0.00109
2637,0.00109
2638,0.00109
2639,0.00109
2640,0.00109
2641,0.00109
2642,0.00109
2644,0.00003
2645,0.01071
2646,0.04382
2647,0.01763
2648,0.00000
2649,0.00029
2651,0.37823
2653,0.19443
2654,0.14353
2655,0.08314
2656,0.00034
2657,0.07337
2658,0.34530
2659,0.01669
2660,0.25427
2661,0.00081
2662,0.00246
2663,0.00141
2664,0.00081
2665,0.00813
2667,0.15667
2668,0.00078
2671,0.00038
2672,0.01038
2673,0.00038
2674,0.15834
2675,0.00119
2676,0.00578
2677,0.04969
2680,0.00871
2682,0.00112
2683,0.01439
2684,0.00112
2686,0.21443
2687,0.01590
2688,0.81090
2689,0.06152
2690,0.04021
2691,0.08470
2692,0.03033
2693,0.24679
2694,0.03487
2695,0.01084
2696,0.11421
2697,0.09189
2698,0.02123
2699,0.10814
2700,0.23774
2701,0.03393
2702,0.12429
2703,0.08816
2704,0.09520
2705,0.00096
2706,0.03055
2707,0.16290
2708,0.01544
2709,0.00043
2711,0.02184
2713,0.29832
2715,0.00255
2716,0.00084
2717,0.00084
2718,0.00084
2719,0.03473
2721,0.00225
2722,0.00110
2723,0.00110
2724,0.00941
2725,0.00110
2727,0.06226
2728,0.00250
2729,0.00140
2730,0.00268
2731,0.00140
2733,0.00364
2734,0.00140
2736,0.00127
2737,0.02974
2738,0.00265
2739,0.00127
2740,0.02949
2741,0.00020
2744,0.04665
2746,0.03676
2747,0.12180
2748,0.00088
2749,0.00088
2752,0.01818
2753,0.00146
2755,0.00091
2757,0.00650
2758,0.00284
2759,0.00121
2760,0.04269
2761,0.00121
2762,0.00749
2764,0.00106
2765,0.04028
2766,0.00106
2767,0.00106
2768,0.03664
2769,0.00026
2770,0.00146
2771,0.00026
2772,0.00071
2773,0.00071
2774,0.07743
2775,0.06768
2776,0.00051
2778,0.02224
2779,0.00019
2780,0.00205
2782,0.00156
2783,0.00156
2784,0.00156
2785,0.00163
2786,0.00137
2787,0.00510
2788,0.00337
2789,0.00503
2790,0.25587
2791,0.02337
2792,0.02473
2793,0.01197
2796,0.01061
2799,0.01134
2802,0.01585
2803,0.00093
2804,0.02517
2807,0.01216
2808,0.00500
2811,0.03441
2813,0.00083
2815,0.01812
2817,0.00032
2818,0.00013
2819,0.02428
2822,0.06291
2823,0.00035
2824,0.00035
2826,0.00150
2827,0.00150
2830,0.00726
2831,0.05746
2832,0.06611
2833,0.00902
2834,0.00536
2835,0.00076
2838,0.03821
2839,0.00624
2840,0.01436
2841,0.00224
2842,0.19312
2844,0.00114
2845,0.00422
2846,0.00109
2847,0.00109
2848,0.00109
2849,0.00109
2850,0.00109
2851,0.07025
2852,0.00348
2853,0.00109
2855,0.02116
2856,0.00695
2857,0.00105
2858,0.00494
2859,0.18802
2860,0.00681
2861,0.00131
2862,0.00346
2863,0.00467
2864,0.00131
2865,0.00197
2866,0.00729
2867,0.00524
2868,0.00131
2869,0.00131
2870,0.00131
2871,0.40788
2872,0.12385
2875,0.00986
2876,0.00104
2879,0.00060
2880,0.00296
2881,0.00060
2882,0.00060
2883,0.03595
2884,0.00060
2885,0.00442
2886,0.00386
2887,0.00118
2888,0.00118
2889,0.02597
2890,0.00118
2891,0.00118
2892,0.00118
2893,0.00118
2894,0.00118
2895,0.00118
2896,0.00118
2898,0.00337
2899,0.00146
2900,0.05803
2901,0.00712
2903,0.01575
2904,0.03235
2905,0.00528
2906,0.01011
2907,0.01118
2908,0.01606
2909,0.10340
2912,0.05236
2913,0.01890
2914,0.00568
2916,0.00108
2917,0.00347
2918,0.00288
2919,0.00320
2921,0.00091
2923,0.06006
2924,0.00134
2925,0.02024
2928,0.00104
2929,0.00104
2930,0.00104
2931,0.00106
2932,0.10446
2933,0.00647
2935,0.04800
2936,0.00722
2938,0.00213
2939,0.01147
2940,0.17009
2941,0.01390
2944,0.00040
2945,0.00040
2947,0.01641
2948,0.04275
2949,0.00086
2950,0.01183
2951,0.03410
2952,0.00101
2953,0.01715
2954,0.00101
2957,0.00123
2958,0.08861
2960,0.00115
2961,0.00115
2962,0.00115
2964,0.10715
2965,0.00122
2967,0.37042
2968,0.09426
2969,0.00344
2970,0.00082
2971,0.00082
2972,0.44283
2974,0.02384
2975,0.00144
2976,0.00797
2978,0.00656
2980,0.00104
2981,0.07817
2982,0.00066
2983,0.02355
2985,0.00451
2986,0.00528
2987,0.01411
2988,0.08867
2989,0.01679
2991,0.01257
2992,0.00055
2993,0.00035
2994,0.00368
2995,0.01105
2998,0.00452
2999,0.01586
3000,0.05914
3001,0.01592
3002,0.01108
3003,0.00159
3004,0.00738
3005,0.05171
3006,0.04072
3007,0.02598
3008,0.00159
3009,0.08579
3010,0.18768
3011,0.00090
3012,0.00102
3013,0.00102
3015,0.05948
3016,0.00318
3017,0.00393
3018,0.03445
3019,0.00116
3020,0.07892
3021,0.00793
3022,0.00116
3024,0.08925
3025,0.00646
3026,0.28833
3027,0.06639
3028,0.22498
3029,0.00289
3031,0.08806
3032,0.30803
3033,0.07989
3034,0.07581
3035,0.01881
3036,0.01098
3037,0.01246
3038,0.00165
3039,0.03303
3040,0.00913
3041,0.02373
3042,0.00165
3043,0.00165
3044,0.01090
3046,0.01406
3047,0.01762
3048,0.00063
3049,0.00753
3051,0.00064
3052,0.00064
3053,0.01928
3054,0.00064
3055,0.07881
3056,0.06193
3057,0.07347
3059,0.05633
3060,0.00578
3061,0.00232
3062,0.06242
3063,0.00138
3066,0.00188
3070,0.00127
3071,0.00141
3072,0.04058
3073,0.05282
3074,0.00141
3075,0.00344
3076,0.00141
3077,0.00701
3078,0.00220
3081,0.03870
3083,0.00408
3084,0.09972
3085,0.00221
3086,0.01399
3087,0.01460
3088,0.05988
3089,0.00865
3090,0.01943
3091,0.00221
3092,0.12003
3093,0.00068
3094,0.01271
3095,0.04906
3096,0.00370
3097,0.00068
3098,0.05426
3101,0.00230
3102,0.00037
3103,0.00516
3106,0.00619
3107,0.01835
3108,0.01363
3109,0.01040
3110,0.04109
3111,0.00170
3112,0.00269
3113,0.00269
3114,0.00269
3115,0.01569
3118,0.00331
3119,0.00668
3120,0.00933
3123,0.00314
3124,0.00422
3125,0.02870
3126,0.00075
3127,0.02417
3128,0.00075
3129,0.00422
3131,0.00115
3132,0.00496
3133,0.00115
3134,0.00115
3135,0.00115
3137,0.00537
3140,0.00202
3142,0.04691
3143,0.00212
3144,0.12917
3145,0.03777
3146,0.00145
3147,0.01148
3148,0.04940
3149,0.00105
3150,0.01886
3151,0.00070
3152,0.00070
3153,0.00108
3154,0.00108
3156,0.00151
3158,0.00093
3159,0.01853
3160,0.00440
3162,0.00471
3163,0.00093
3165,0.00114
3166,0.00114
3167,0.00114
3168,0.13534
3169,0.00356
3171,0.00203
3172,0.01865
3173,0.01365
3174,0.00134
3175,0.06268
3176,0.00819
3180,0.04211
3181,0.00620
3182,0.00272
3183,0.00468
3184,0.00272
3185,0.00516
3186,0.00272
3187,0.00272
3188,0.02904
3189,0.02314
3190,0.02314
3191,0.10330
3192,0.08508
3194,0.00000
3196,0.03089
3197,0.00438
3198,0.00114
3199,0.01978
3200,0.01370
3202,0.01308
3203,0.00106
3204,0.00106
3206,0.00093
3207,0.00093
3208,0.00876
3209,0.05889
3210,0.00729
3211,0.00379
3212,0.00198
3213,0.00198
3214,0.00198
3215,0.00198
3216,0.00420
3217,0.00198
3218,0.00198
3219,0.00198
3220,0.00198
3221,0.00198
3222,0.00198
3223,0.00198
3224,0.00198
3225,0.02621
3226,0.00146
3227,0.03316
3228,0.00146
3229,0.00033
3230,0.00033
3231,0.00033
3232,0.00033
3233,0.00330
3234,0.00033
3235,0.00222
3238,0.04410
3239,0.00292
3240,0.00076
3241,0.00076
3242,0.00964
3244,0.00000
3246,0.00235
3247,0.00228
3248,0.00130
3249,0.00483
3250,0.00593
3252,0.06609
3255,0.00876
3256,0.03646
3257,0.00099
3258,0.15803
3259,0.00494
3260,0.01865
3261,0.00146
3262,0.01711
3263,0.00146
3264,0.00146
3267,0.00105
3268,0.00543
3269,0.01101
3270,0.00635
3271,0.00525
3272,0.00471
3273,0.00347
3274,0.11014
3275,0.02659
3276,0.12116
3277,0.00347
3278,0.00608
3279,0.00481
3280,0.00664
3281,0.00347
3282,0.00825
3284,0.02234
3285,0.00130
3288,0.00105
3290,0.06419
3291,0.09419
3292,0.01300
3293,0.01036
3294,0.00134
3296,0.00438
3297,0.06249
3298,0.00130
3299,0.00130
3300,0.00667
3301,0.02181
3302,0.00130
3303,0.00130
3304,0.05011
3305,0.00766
3306,0.01104
3309,0.00692
3310,0.02021
3311,0.00136
3312,0.00196
3313,0.00785
3314,0.00196
3315,0.02022
3316,0.00712
3317,0.02842
3318,0.00196
3320,0.00504
3321,0.03104
3322,0.00116
3323,0.00339
3325,0.01179
3326,0.03046
3331,0.00124
3332,0.00124
3333,0.02125
3334,0.02393
3335,0.00124
3338,0.00587
3339,0.00187
3340,0.00910
3341,0.00187
3342,0.00187
3343,0.02003
3344,0.00187
3345,0.05467
3346,0.00776
3348,0.03018
3349,0.01280
3350,0.09605
3352,0.42574
3353,0.00351
3354,0.00676
3355,0.00169
3356,0.00053
3357,0.00134
3358,0.00053
3359,0.00053
3360,0.00053
3361,0.00170
3362,0.00053
3366,0.09222
3367,0.00335
3368,0.00106
3369,0.00106
3370,0.00106
3373,0.02220
3374,0.00491
3375,0.06697
3377,0.00747
3378,0.07711
3379,0.03385
3380,0.06610
3381,0.19495
3382,0.00191
3383,0.00455
3384,0.00757
3385,0.00191
3386,0.02996
3388,0.03470
3389,0.00446
3390,0.09012
3391,0.00788
3392,0.05243
3393,0.01527
3394,0.23433
3395,0.00087
3396,0.00209
3397,0.00541
3398,0.00087
3399,0.00318
3400,0.00087
3401,0.00087
3402,0.19490
3403,0.00557
3404,0.12643
3405,0.00181
3406,0.00816
3407,0.00181
3409,0.00087
3411,0.00110
3412,0.00110
3416,0.00222
3417,0.05356
3418,0.00222
3422,0.00638
3423,0.00222
3424,0.00222
3425,0.00244
3426,0.00222
3427,0.00222
3433,0.01576
3434,0.00118
3435,0.00393
3436,0.00309
3437,0.00309
3438,0.00309
3439,0.12816
3440,0.00309
3441,0.00400
3443,0.03751
3444,0.00485
3445,0.04670
3447,0.33890
3448,0.00444
3449,0.44103
3450,0.04244
3451,0.11931
3452,0.20207
3453,0.43424
3454,0.23311
3455,0.10313
3456,0.36401
3457,0.20597
3458,0.10684
3459,0.12540
3460,0.02496
3461,0.13238
3462,0.08555
3463,0.08107
3465,0.00499
3466,0.02998
3467,0.00162
3468,0.00467
3469,0.03806
3470,0.03253
3471,0.00568
3472,0.02503
3475,0.00190
3477,0.07733
3478,0.06157
3479,0.16342
3480,0.02949
3481,0.02410
3482,0.03729
3483,0.03264
3487,0.00138
3488,0.02799
3490,0.00370
3491,0.00297
3492,0.00464
3493,0.00222
3494,0.00222
3495,0.00319
3496,0.01675
3497,0.00222
3498,0.18114
3499,0.00347
3500,0.00222
3504,0.00113
3508,0.02499
3509,0.00157
3510,0.00161
3511,0.00161
3512,0.01652
3513,0.00693
3514,0.00161
3515,0.00360
3518,0.01452
3519,0.10285
3520,0.00133
3521,0.05434
3522,0.10071
3523,0.03927
3524,0.00133
3525,0.02307
3526,0.01080
3527,0.09017
3528,0.02365
3530,0.00490
3531,0.00139
3532,0.00557
3535,0.00683
3536,0.00771
3538,0.00219
3539,0.00355
3540,0.00441
3541,0.11950
3542,0.00814
3543,0.00456
3544,0.00914
3545,0.00279
3550,0.00173
3551,0.00173
3552,0.00173
3553,0.01435
3554,0.00896
3555,0.02398
3556,0.01796
3557,0.01167
3558,0.00074
3560,0.02661
3561,0.00443
3562,0.07424
3563,0.00268
3564,0.00278
3565,0.00135
3566,0.00135
3567,0.02841
3568,0.22581
3569,0.07245
3571,0.07457
3576,0.00586
3577,0.00176
3578,0.00159
3579,0.00208
3581,0.00146
3582,0.00146
3583,0.00577
3584,0.00146
3585,0.00275
3586,0.18284
3587,0.01823
3589,0.00800
3590,0.00000
3591,0.02372
3593,0.03529
3594,0.00108
3595,0.00417
3596,0.00108
3597,0.02572
3598,0.00813
3599,0.00108
3600,0.01517
3601,0.08978
3602,0.00233
3603,0.01742
3604,0.00151
3605,0.00153
3606,0.00153
3607,0.05092
3610,0.00527
3611,0.03544
3613,0.00032
3614,0.31464
3615,0.21928
3618,0.00125
3619,0.00125
3620,0.00145
3621,0.00145
3622,0.03735
3624,0.09645
3625,0.00460
3628,0.00027
3629,0.00691
3630,0.05560
3631,0.15183
3632,0.00167
3633,0.06963
3634,0.12711
3635,0.08967
3636,0.01935
3637,0.00738
3638,0.00167
3639,0.02157
3640,0.00167
3641,0.33062
3642,0.39739
3643,0.07591
3645,0.06226
3646,0.01505
3647,0.02171
3648,0.01217
3649,0.00167
3651,0.00309
3652,0.00309
3653,0.00348
3654,0.00168
3655,0.01374
3656,0.00465
3657,0.00180
3658,0.06955
3659,0.05586
3660,0.13937
3661,0.05575
3662,0.01537
3663,0.00368
3664,0.00368
3665,0.03224
3666,0.22558
3667,0.01322
3668,0.00002
3673,0.00971
3674,0.00331
3675,0.00162
3676,0.00162
3677,0.00295
3678,0.02080
3679,0.00335
3681,0.00272
3682,0.09694
3683,0.01320
3684,0.00272
3685,0.00470
3686,0.00487
3687,0.00272
3688,0.00938
3689,0.00640
3690,0.00272
3691,0.11377
3692,0.01698
3693,0.00272
3694,0.00272
3695,0.00272
3696,0.00272
3697,0.00272
3698,0.00272
3700,0.00150
3702,0.00117
3703,0.00117
3704,0.00117
3705,0.00556
3706,0.00117
3707,0.00117
3709,0.01301
3711,0.00016
3712,0.00016
3714,0.02518
3715,0.00113
3717,0.00113
3718,0.00210
3719,0.02714
3720,0.01894
3722,0.00454
3723,0.01705
3724,0.13102
3725,0.00892
3726,0.00599
3727,0.00356
3728,0.14549
3729,0.02683
3730,0.00356
3731,0.01850
3733,0.00356
3735,0.00900
3742,0.00530
3743,0.01708
3744,0.00193
3746,0.00222
3747,0.00632
3748,0.05512
3749,0.01200
3750,0.00382
3751,0.01915
3752,0.02313
3753,0.00222
3754,0.01211
3757,0.00203
3758,0.00203
3759,0.00203
3760,0.00203
3761,0.00497
3762,0.01118
3763,0.00389
3764,0.01277
3765,0.00220
3766,0.01382
3767,0.02782
3770,0.02833
3771,0.00406
3772,0.00095
3774,0.00030
3775,0.01344
3777,0.01259
3779,0.00201
3780,0.00397
3781,0.00143
3782,0.00684
3783,0.00143
3784,0.00143
3785,0.03488
3786,0.15368
3787,0.34264
3788,0.00284
3791,0.00044
3792,0.04574
3794,0.07700
3795,0.00002
3796,0.17776
3798,0.03853
3799,0.00927
3800,0.00532
3801,0.00147
3802,0.01128
3803,0.01106
3804,0.00885
3805,0.00131
3806,0.07487
3809,0.00255
3810,0.00017
3812,0.07490
3813,0.14340
3814,0.05827
3815,0.02492
3817,0.00076
3819,0.01228
3821,0.00226
3823,0.00340
3824,0.00100
3827,0.00358
3829,0.00067
3830,0.04130
3832,0.00067
3833,0.00347
3834,0.00145
3835,0.05405
3836,0.00145
3837,0.00145
3839,0.00969
3840,0.00125
3841,0.00125
3842,0.02142
3843,0.02947
3844,0.00111
3845,0.01227
3848,0.00042
3850,0.00459
3851,0.00452
3854,0.15269
3855,0.01070
3858,0.00138
3862,0.00345
3863,0.00899
3864,0.00138
3865,0.00240
3869,0.00729
3870,0.00119
3871,0.00680
3872,0.02499
3873,0.00695
3876,0.00482
3877,0.02206
3878,0.00269
3881,0.00476
3882,0.00123
3883,0.00093
3885,0.00170
3886,0.00109
3888,0.00155
3889,0.00173
3890,0.00364
3891,0.00155
3894,0.00040
3895,0.00080
3896,0.00080
3897,0.01460
3898,0.00341
3900,0.00366
3901,0.00140
3902,0.06363
3904,0.00122
3905,0.00240
3906,0.00122
3907,0.00122
3909,0.00146
3910,0.05479
3911,0.00359
3912,0.02436
3916,0.06430
3917,0.04519
3918,0.00709
3919,0.02042
3920,0.00948
3922,0.00845
3923,0.00169
3924,0.00603
3925,0.01372
3927,0.00162
3928,0.00505
3929,0.00383
3930,0.01266
3931,0.00162
3932,0.00492
3935,0.00098
3936,0.00098
3941,0.00014
3943,0.00202
3944,0.00202
3945,0.00252
3947,0.00474
3948,0.03798
3949,0.04213
3952,0.00169
3953,0.00169
3954,0.00342
3955,0.00373
3956,0.13537
3957,0.00110
3958,0.01983
3959,0.00476
3960,0.04670
3961,0.02565
3962,0.00397
3963,0.00174
3964,0.00174
3965,0.13366
3966,0.00081
3968,0.00110
3969,0.13762
3971,0.01259
3973,0.04611
3976,0.17744
3977,0.02931
3978,0.00243
3979,0.00609
3980,0.00427
3981,0.00295
3982,0.04896
3983,0.00630
3984,0.00701
3985,0.05422
3986,0.00295
3987,0.00295
3989,0.00490
3990,0.00295
3991,0.01328
3992,0.00511
3995,0.08823
3997,0.00166
3998,0.00262
3999,0.00281
4000,0.00786
4001,0.04466
4005,0.00115
4006,0.00289
4007,0.02534
4008,0.01476
4009,0.00235
4010,0.00198
4013,0.03602
4015,0.00528
4016,0.00288
4019,0.00187
4020,0.01157
4023,0.00251
4024,0.00220
4025,0.00222
4026,0.00261
4027,0.00783
4028,0.00222
4034,0.00423
4035,0.00057
4036,0.20666
4037,0.02301
4038,0.00110
4039,0.01462
4040,0.14035
4041,0.10039
4042,0.03526
4044,0.10279
4045,0.33882
4046,0.10655
4048,0.00014
4050,0.00063
4051,0.00160
4053,0.00242
4055,0.00374
4056,0.03059
4057,0.00135
4059,0.00985
4061,0.00207
4062,0.00692
4063,0.04627
4064,0.00207
4065,0.17649
4066,0.01025
4067,0.00207
4068,0.01018
4069,0.00207
4070,0.15155
4071,0.02880
4072,0.05440
4073,0.16328
4074,0.05564
4075,0.00207
4076,0.13773
4077,0.13761
4078,0.00342
4079,0.00578
4080,0.00100
4082,0.02212
4083,0.00177
4085,0.00003
4089,0.00406
4090,0.00151
4091,0.00151
4092,0.00151
4093,0.00013
4095,0.00336
4096,0.00190
4097,0.00190
4098,0.01251
4099,0.22587
4100,0.00190
4103,0.00100
4104,0.00715
4105,0.00146
4106,0.00146
4107,0.00146
4108,0.00146
4109,0.00146
4110,0.00513
4111,0.01874
4116,0.01968
4119,0.01121
4120,0.00696
4121,0.00455
4122,0.00343
4123,0.04070
4124,0.08693
4125,0.00494
4126,0.00451
4127,0.07402
4128,0.01810
4129,0.00352
4130,0.00458
4131,0.00343
4132,0.00343
4133,0.00451
4134,0.00452
4135,0.00561
4136,0.03913
4137,0.01213
4138,0.09914
4139,0.00343
4140,0.01183
4141,0.00991
4142,0.05640
4143,0.00343
4144,0.11837
4145,0.00462
4146,0.00343
4147,0.00490
4148,0.00736
4149,0.00699
4150,0.02986
4151,0.14329
4152,0.07509
4153,0.00343
4154,0.00343
4155,0.01027
4159,0.00277
4162,0.02106
4163,0.00299
4164,0.00291
4165,0.00151
4166,0.00151
4167,0.00000
4169,0.00792
4170,0.00010
4174,0.00171
4175,0.01463
4176,0.00171
4177,0.00171
4178,0.00525
4180,0.00049
4184,0.00175
4185,0.00175
4186,0.01050
4187,0.01579
4189,0.02121
4190,0.00681
4191,0.03480
4192,0.00949
4194,0.00465
4195,0.00333
4197,0.01048
4198,0.00118
4199,0.01050
4200,0.00595
4201,0.00169
4202,0.00119
4203,0.00119
4204,0.00248
4205,0.01084
4206,0.00119
4207,0.00119
4208,0.00334
4209,0.00119
4210,0.00119
4211,0.10044
4212,0.06955
4213,0.00597
4214,0.01122
4215,0.00291
4216,0.00179
4217,0.00026
4219,0.16845
4220,0.00657
4221,0.06600
4222,0.06831
4223,0.01014
4224,0.02656
4225,0.00203
4228,0.00335
4229,0.00484
4231,0.00190
4232,0.00237
4233,0.00242
4234,0.00342
4236,0.00000
4238,0.00177
4240,0.00215
4241,0.00215
4242,0.00215
4243,0.00215
4244,0.00215
4245,0.00489
4246,0.00215
4248,0.00233
4249,0.00132
4250,0.00330
4251,0.00132
4252,0.00774
4255,0.01153
4257,0.00167
4259,0.00138
4260,0.00138
4261,0.03623
4263,0.00117
4266,0.01770
4267,0.00139
4269,0.00619
4273,0.03237
4274,0.00231
4275,0.00954
4276,0.08354
4277,0.00231
4278,0.00231
4279,0.00231
4280,0.00231
4282,0.01323
4283,0.00185
4284,0.00185
4285,0.00298
4290,0.00275
4291,0.00707
4292,0.01076
4295,0.02868
4296,0.00134
4297,0.06990
4298,0.01569
4304,0.00145
4305,0.00145
4306,0.00145
4307,0.00347
4308,0.01106
4310,0.35438
4312,0.00692
4313,0.00824
4314,0.00720
4315,0.05091
4316,0.01566
4317,0.00434
4318,0.00656
4319,0.01021
4320,0.00295
4321,0.00202
4322,0.00055
4324,0.01272
4325,0.00609
4326,0.01409
4327,0.00464
4328,0.00351
4329,0.02535
4331,0.00217
4333,0.00623
4334,0.00328
4335,0.04930
4336,0.00328
4337,0.00328
4338,0.07484
4340,0.00075
4341,0.00075
4342,0.01312
4343,0.00934
4344,0.00297
4345,0.00296
4346,0.00075
4347,0.03996
4348,0.00075
4351,0.00547
4352,0.00174
4353,0.12702
4354,0.01153
4355,0.07464
4357,0.00129
4358,0.00107
4360,0.00085
4361,0.00805
4362,0.00085
4363,0.04250
4364,0.05600
4366,0.00266
4368,0.00084
4369,0.00173
4370,0.00084
4371,0.00864
4372,0.00084
4375,0.00501
4377,0.01985
4378,0.00138
4379,0.00969
4380,0.00138
4381,0.00138
4382,0.00138
4383,0.00301
4393,0.00055
4394,0.00055
4395,0.00144
4396,0.00055
4397,0.00055
4398,0.00975
4399,0.00055
4400,0.00776
4401,0.00509
4404,0.00118
4405,0.00199
4406,0.00295
4407,0.00199
4408,0.00199
4409,0.00602
4412,0.00500
4414,0.00093
4415,0.02672
4416,0.02410
4418,0.00026
4422,0.01946
4423,0.00119
4425,0.00255
4426,0.00964
4427,0.00249
4428,0.02324
4429,0.01704
4430,0.00905
4431,0.00786
4432,0.01148
4433,0.03314
4434,0.00402
4435,0.00579
4436,0.00447
4437,0.09148
4438,0.01077
4439,0.00249
4440,0.01040
4441,0.24689
4442,0.03075
4443,0.01432
4444,0.00249
4445,0.00249
4446,0.00379
4447,0.01924
4448,0.05620
4449,0.00108
4450,0.00108
4451,0.01308
4452,0.00108
4454,0.00150
4455,0.03094
4456,0.00417
4457,0.00150
4458,0.00160
4459,0.00674
4460,0.00261
4461,0.00186
4462,0.00147
4464,0.00101
4465,0.00420
4467,0.00068
4468,0.02014
4469,0.00149
4470,0.00028
4471,0.00391
4473,0.00065
4474,0.00191
4475,0.00065
4476,0.01013
4477,0.00201
4478,0.00065
4479,0.00065
4482,0.01292
4483,0.19005
4485,0.01754
4486,0.03435
4487,0.04732
4488,0.07741
4489,0.03703
4490,0.00356
4491,0.00356
4492,0.00248
4493,0.00356
4494,0.00356
4495,0.00356
4496,0.00689
4497,0.00356
4498,0.00099
4500,0.00190
4502,0.00233
4503,0.00137
4504,0.00368
4507,0.00273
4508,0.00088
4509,0.01817
4511,0.02047
4516,0.00039
4523,0.00151
4524,0.01447
4526,0.00509
4527,0.01284
4530,0.01595
4531,0.02355
4532,0.00743
4533,0.00301
4534,0.03297
4535,0.00959
4536,0.10796
4538,0.00186
4540,0.00000
4542,0.00900
4543,0.00407
4545,0.00177
4547,0.06720
4550,0.13935
4553,0.00449
4554,0.00049
4555,0.00049
4556,0.00049
4557,0.02247
4558,0.00073
4560,0.00362
4563,0.01698
4564,0.06802
4565,0.00349
4566,0.00523
4567,0.00366
4568,0.00176
4569,0.00179
4574,0.06873
4575,0.00413
4576,0.01791
4577,0.00255
4581,0.00389
4582,0.00820
4586,0.01198
4587,0.04169
4588,0.01835
4591,0.00466
4592,0.00910
4593,0.00034
4594,0.00198
4595,0.00389
4596,0.00198
4597,0.00198
4598,0.08774
4599,0.00108
4600,0.02232
4601,0.00117
4602,0.00234
4603,0.00019
4604,0.00710
4607,0.00197
4608,0.00197
4609,0.00428
4611,0.00224
4612,0.00116
4615,0.00172
4616,0.01515
4617,0.00172
4618,0.00582
4619,0.00035
4622,0.00231
4623,0.00598
4624,0.00637
4625,0.00827
4626,0.01092
4627,0.00231
4629,0.00231
4630,0.01265
4631,0.00123
4632,0.26088
4633,0.01679
4635,0.00013
4636,0.00065
4638,0.00007
4640,0.00214
4641,0.00086
4644,0.00221
4645,0.00064
4647,0.02294
4649,0.00129
4651,0.00201
4652,0.01404
4653,0.14366
4654,0.00204
4655,0.00273
4659,0.00488
4660,0.00147
4661,0.03070
4662,0.07551
4663,0.01834
4664,0.01281
4665,0.01610
4666,0.02536
4667,0.00221
4668,0.00221
4669,0.01768
4670,0.00221
4671,0.01303
4672,0.00442
4673,0.09964
4674,0.00425
4675,0.00240
4681,0.02498
4682,0.01885
4683,0.00144
4686,0.09149
4687,0.03022
4688,0.08600
4689,0.00130
4692,0.00136
4693,0.00220
4694,0.00136
4695,0.00136
4696,0.00136
4697,0.00136
4698,0.00136
4699,0.00136
4700,0.00136
4701,0.00136
4702,0.00136
4703,0.00136
4704,0.00136
4705,0.00429
4706,0.00422
4707,0.00136
4708,0.00136
4709,0.03228
4710,0.01281
4711,0.00136
4712,0.17049
4714,0.00594
4715,0.01376
4716,0.00129
4717,0.09439
4718,0.05602
4720,0.00190
4721,0.00318
4723,0.00152
4725,0.05023
4726,0.01891
4727,0.00017
4733,0.00811
4736,0.00240
4737,0.00349
4738,0.00240
4739,0.01870
4740,0.00240
4741,0.00614
4742,0.00607
4743,0.00461
4744,0.00534
4745,0.00587
4746,0.02747
4748,0.03646
4749,0.00363
4750,0.00414
4751,0.00837
4752,0.00133
4753,0.00133
4754,0.00133
4755,0.00161
4756,0.05640
4757,0.00824
4759,0.00076
4760,0.00878
4761,0.00368
4762,0.00368
4763,0.00368
4764,0.08480
4765,0.00706
4766,0.00368
4767,0.02580
4771,0.00529
4773,0.00041
4774,0.01419
4777,0.00096
4778,0.00062
4781,0.04428
4782,0.00292
4785,0.00087
4786,0.00209
4787,0.00087
4788,0.01628
4789,0.00145
4790,0.00087
4791,0.00087
4792,0.07473
4793,0.00216
4794,0.00087
4795,0.08582
4796,0.00648
4798,0.00345
4799,0.00220
4800,0.00145
4801,0.00221
4803,0.00091
4804,0.00091
4805,0.00203
4806,0.00091
4807,0.00091
4810,0.00158
4813,0.05868
4814,0.02374
4816,0.00122
4817,0.00122
4818,0.04470
4819,0.00114
4821,0.00182
4823,0.00116
4824,0.13822
4825,0.00259
4826,0.00153
4827,0.00231
4828,0.17225
4829,0.10151
4830,0.00033
4832,0.01162
4833,0.01213
4834,0.00198
4835,0.00198
4836,0.00198
4837,0.00345
4838,0.00372
4839,0.00198
4840,0.00656
4841,0.00198
4842,0.00340
4843,0.04434
4844,0.00372
4845,0.00198
4846,0.05397
4847,0.00198
4848,0.00198
4849,0.00372
4850,0.00515
4851,0.00510
4852,0.00516
4853,0.00609
4854,0.00372
4855,0.00474
4856,0.00454
4857,0.00198
4858,0.00198
4859,0.05091
4860,0.00419
4861,0.00198
4862,0.00760
4863,0.00198
4864,0.00520
4866,0.00175
4867,0.00221
4868,0.00221
4869,0.00221
4870,0.00285
4871,0.00221
4872,0.00221
4873,0.00221
4874,0.00508
4879,0.03296
4881,0.00679
4882,0.00810
4883,0.00796
4884,0.00933
4885,0.00644
4889,0.00216
4890,0.00074
4891,0.01158
4893,0.00596
4894,0.07673
4897,0.00098
4898,0.00952
4899,0.23472
4900,0.00106
4901,0.00219
4903,0.00754
4904,0.00754
4905,0.00406
4906,0.00754
4908,0.00406
4909,0.00531
4910,0.00539
4911,0.00406
4912,0.00754
4913,0.00406
4914,0.00754
4915,0.00988
4916,0.00406
4917,0.00406
4918,0.00406
4919,0.00406
4920,0.00456
4921,0.00406
4922,0.00754
4923,0.00595
4924,0.01781
4925,0.00479
4926,0.01055
4927,0.00223
4929,0.01323
4931,0.00088
4932,0.00220
4933,0.00577
4934,0.01319
4935,0.00294
4936,0.00411
4937,0.02570
4938,0.01766
4943,0.04390
4944,0.00432
4945,0.00123
4947,0.01736
4948,0.27314
4950,0.00047
4951,0.00047
4952,0.00409
4957,0.00082
4960,0.01054
4963,0.01662
4964,0.08679
4965,0.00122
4966,0.03589
4967,0.43350
4969,0.00153
4970,0.01337
4971,0.00153
4972,0.00243
4973,0.01360
4974,0.06944
4975,0.00160
4976,0.03758
4977,0.00381
4978,0.00136
4979,0.00136
4980,0.02835
4981,0.07595
4982,0.07543
4983,0.00401
4985,0.00118
4986,0.00118
4988,0.03910
4989,0.00940
4992,0.00349
4993,0.00576
4994,0.02489
4995,0.00328
4996,0.00328
5000,0.00125
5001,0.00125
5002,0.15773
5003,0.00389
5005,0.00149
5006,0.05003
5008,0.04211
5009,0.01900
5010,0.00747
5011,0.01739
5012,0.02321
5013,0.01066
5015,0.01558
5016,0.01269
5017,0.01872
5018,0.00240
5019,0.00212
5020,0.17085
5022,0.17418
5024,0.00699
5028,0.05409
5029,0.04715
5031,0.00115
5032,0.00391
5035,0.00137
5036,0.00705
5037,0.03380
5038,0.00524
5039,0.01129
5040,0.00612
5043,0.00265
5046,0.00573
5047,0.00244
5048,0.00998
5050,0.01819
5051,0.00922
5052,0.00150
5053,0.06193
5054,0.00230
5057,0.00074
5059,0.02292
5060,0.00570
5061,0.01162
5062,0.00309
5063,0.00309
5064,0.00015
5065,0.00015
5067,0.00248
5068,0.01212
5069,0.00747
5070,0.00392
5071,0.00180
5072,0.00331
5077,0.00113
5078,0.00369
5079,0.34235
5080,0.00297
5081,0.01033
5084,0.00096
5085,0.00355
5086,0.00152
5087,0.00152
5088,0.00152
5089,0.01375
5090,0.00492
5091,0.00152
5093,0.00084
5095,0.00378
5096,0.01550
5097,0.00180
5098,0.00323
5099,0.02585
5102,0.07084
5103,0.13330
5104,0.00392
5105,0.00128
5106,0.04359
5109,0.00274
5110,0.11107
5111,0.01516
5112,0.00274
5114,0.00254
5116,0.00231
5117,0.00366
5118,0.02190
5119,0.02927
5121,0.01480
5122,0.00156
5123,0.10706
5124,0.00156
5125,0.06372
5126,0.00408
5127,0.00156
5128,0.00156
5129,0.00156
5135,0.00135
5136,0.00234
5138,0.00117
5139,0.01414
5140,0.05934
5141,0.00117
5142,0.00610
5143,0.01258
5150,0.03024
5151,0.00496
5152,0.00336
5153,0.00436
5154,0.00212
5155,0.02344
5158,0.00085
5159,0.00085
5160,0.01414
5161,0.00085
5162,0.00720
5163,0.00085
5164,0.00226
5166,0.07372
5167,0.00085
5171,0.06829
5172,0.04323
5173,0.12909
5174,0.01391
5175,0.06441
5176,0.18993
5177,0.12987
5178,0.02353
5179,0.28117
5180,0.06828
5181,0.06058
5182,0.01977
5183,0.00228
5184,0.10948
5185,0.17976
5186,0.00312
5187,0.04073
5188,0.27038
5189,0.36202
5190,0.11066
5191,0.01565
5192,0.00228
5193,0.02148
5194,0.01122
5195,0.00611
5196,0.04562
5197,0.00414
5198,0.01334
5199,0.02554
5200,0.02117
5201,0.01967
5202,0.00273
5203,0.02372
5207,0.01877
5209,0.00185
5213,0.00079
5214,0.00079
5215,0.01427
5216,0.00023
5217,0.03595
5218,0.00105
5219,0.00105
5220,0.00105
5221,0.00105
5222,0.00072
5224,0.00012
5225,0.00012
5226,0.02206
5227,0.00012
5228,0.00012
5229,0.00012
5230,0.00012
5232,0.00375
5233,0.03329
5238,0.00549
5239,0.00069
5241,0.00113
5242,0.00056
5243,0.02728
5244,0.00056
5246,0.05284
5247,0.00143
5248,0.00211
5249,0.00108
5250,0.02481
5251,0.00003
5252,0.00003
5254,0.04750
5255,0.00961
5261,0.00324
5262,0.06487
5263,0.09950
5264,0.00873
5265,0.00199
5267,0.00438
5269,0.00111
5273,0.02039
5275,0.00308
5276,0.00980
5277,0.00122
5278,0.00122
5280,0.00204
5281,0.00204
5282,0.00951
5283,0.00611
5284,0.00499
5285,0.03682
5286,0.01098
5287,0.00204
5289,0.00749
5290,0.00110
5291,0.00110
5294,0.00147
5295,0.03474
5296,0.02589
5299,0.00167
5300,0.00167
5301,0.07571
5306,0.00179
5312,0.01893
5313,0.02260
5314,0.00182
5315,0.00182
5316,0.04018
5317,0.03305
5320,0.01477
5321,0.04409
5322,0.00138
5323,0.00696
5324,0.02113
5328,0.00085
5329,0.00248
5330,0.00085
5332,0.01002
5333,0.00477
5334,0.00988
5336,0.00616
5337,0.00100
5339,0.01783
5341,0.00397
5342,0.03273
5343,0.00343
5344,0.00541
5345,0.00201
5346,0.00201
5347,0.00364
5348,0.00201
5352,0.00550
5353,0.00144
5355,0.00007
5356,0.00170
5357,0.00170
5358,0.00170
5360,0.02544
5361,0.00632
5365,0.00149
5366,0.00394
5367,0.00149
5370,0.00022
5371,0.00022
5372,0.00022
5373,0.00022
5374,0.00022
5376,0.00156
5377,0.00156
5378,0.01574
5380,0.00325
5381,0.00494
5382,0.03243
5384,0.00325
5385,0.00200
5386,0.00405
5387,0.00200
5390,0.00287
5391,0.05676
5395,0.00143
5396,0.01366
5397,0.00295
5398,0.00475
5399,0.01608
5400,0.00768
5401,0.00453
5404,0.05566
5405,0.00890
5406,0.00295
5410,0.00085
5413,0.00000
5415,0.00163
5416,0.00023
5418,0.00163
5419,0.01042
5421,0.00635
5422,0.00163
5423,0.05293
5424,0.00451
5427,0.05528
5428,0.00611
5429,0.00142
5430,0.01040
5431,0.00125
5432,0.00331
5435,0.00282
5436,0.00160
5437,0.02854
5438,0.00160
5439,0.06450
5440,0.00184
5445,0.06488
5446,0.02652
5447,0.00222
5448,0.00517
5452,0.02469
5454,0.03160
5455,0.01676
5456,0.00406
5457,0.04184
5460,0.00104
5461,0.00104
5462,0.02442
5466,0.00207
5468,0.01468
5472,0.01897
5473,0.00109
5474,0.01333
5475,0.00333
5476,0.00202
5477,0.00140
5478,0.01523
5479,0.04262
5480,0.00504
5482,0.01587
5483,0.00174
5484,0.04081
5485,0.03075
5486,0.00174
5487,0.03925
5488,0.00174
5489,0.01475
5490,0.00174
5491,0.00174
5494,0.00069
5495,0.00635
5496,0.00069
5497,0.00069
5499,0.00742
5500,0.00114
5501,0.00298
5504,0.00207
5505,0.00112
5507,0.00122
5508,0.00122
5510,0.00076
5511,0.00477
5512,0.00399
5515,0.01676
5516,0.00392
5517,0.00328
5518,0.00328
5519,0.00328
5520,0.00541
5521,0.00974
5522,0.00328
5523,0.00328
5524,0.40246
5525,0.00328
5526,0.01734
5527,0.00399
5528,0.01016
5529,0.04260
5530,0.00328
5531,0.29495
5532,0.04686
5534,0.02435
5535,0.00154
5536,0.00545
5537,0.00154
5540,0.00424
5541,0.00063
5542,0.00324
5543,0.17591
5544,0.00549
5548,0.00202
5549,0.01878
5550,0.01701
5551,0.01043
5552,0.01214
5553,0.05785
5554,0.00202
5555,0.00202
5558,0.00229
5561,0.00168
5562,0.02079
5563,0.00200
5565,0.00424
5566,0.00126
5567,0.00082
5569,0.00166
5571,0.00221
5572,0.00221
5573,0.00221
5576,0.00139
5577,0.01300
5578,0.00089
5579,0.00371
5580,0.00102
5581,0.00174
5582,0.12804
5583,0.00174
5584,0.02328
5587,0.00008
5589,0.01915
5590,0.01072
5591,0.03751
5594,0.00108
5595,0.00108
5596,0.02515
5598,0.00215
5599,0.00215
5600,0.01457
5601,0.00622
5602,0.00215
5603,0.00420
5604,0.00919
5605,0.01964
5606,0.03968
5607,0.00407
5608,0.02737
5609,0.00407
5610,0.00755
5611,0.00407
5612,0.10228
5613,0.00407
5614,0.01368
5615,0.00911
5616,0.02955
5617,0.03902
5620,0.01236
5622,0.00110
5623,0.00474
5624,0.02628
5625,0.00131
5626,0.00640
5627,0.00348
5628,0.00131
5629,0.00131
5630,0.04417
5633,0.00143
5636,0.00079
5639,0.00625
5640,0.00308
5644,0.03327
5645,0.00079
5646,0.00094
5647,0.01289
5648,0.00065
5649,0.00192
5650,0.00071
5651,0.00119
5652,0.00068
5653,0.00068
5655,0.10337
5656,0.00351
5657,0.00468
5658,0.01248
5659,0.00180
5660,0.00281
5661,0.00482
5662,0.00344
5666,0.01162
5667,0.00496
5668,0.00745
5669,0.00294
5670,0.00557
5671,0.00452
5674,0.00102
5675,0.01301
5676,0.00140
5678,0.00000
5680,0.00697
5682,0.00127
5684,0.02556
5685,0.00263
5686,0.00427
5687,0.00263
5688,0.00263
5689,0.00134
5690,0.00134
5691,0.05955
5692,0.02842
5695,0.00224
5696,0.06542
5697,0.27131
5698,0.00224
5702,0.01228
5703,0.00137
5704,0.00660
5705,0.00245
5707,0.00602
5708,0.01207
5709,0.00809
5710,0.00245
5711,0.00245
5712,0.00245
5713,0.00245
5714,0.06811
5717,0.00309
5718,0.00132
5720,0.00283
5721,0.01332
5722,0.00300
5729,0.00109
5730,0.00109
5731,0.00189
5733,0.00132
5735,0.00106
5738,0.01356
5739,0.05598
5741,0.02058
5744,0.00026
5746,0.00162
5747,0.00263
5748,0.00162
5749,0.00219
5750,0.00673
5751,0.00116
5752,0.00116
5753,0.00559
5755,0.00034
5757,0.00079
5760,0.00531
5761,0.01108
5763,0.00515
5764,0.00153
5765,0.00153
5766,0.00000
5768,0.01649
5769,0.00640
5770,0.00667
5771,0.01070
5772,0.02065
5773,0.08242
5774,0.00143
5775,0.04783
5776,0.01206
5781,0.00117
5783,0.03266
5784,0.00099
5785,0.00359
5786,0.00240
5787,0.04590
5788,0.00380
5789,0.00098
5790,0.00111
5794,0.00015
5796,0.24566
5797,0.00515
5798,0.01258
5799,0.02343
5800,0.19675
5801,0.00409
5802,0.34680
5803,0.00434
5804,0.03518
5805,0.01659
5806,0.07159
5807,0.02683
5808,0.00883
5809,0.02373
5810,0.04854
5811,0.07681
5812,0.05471
5813,0.00400
5814,0.16155
5815,0.00499
5816,0.11460
5817,0.09535
5818,0.07841
5819,0.07016
5820,0.01742
5821,0.03234
5822,0.10476
5823,0.01798
5824,0.05182
5827,0.01963
5829,0.01223
5833,0.00063
5834,0.00579
5836,0.01473
5837,0.00084
5839,0.04719
5840,0.00069
5841,0.00069
5842,0.00069
5846,0.00201
5852,0.00077
5853,0.00077
5854,0.00077
5855,0.01266
5856,0.00141
5857,0.11920
5859,0.00822
5861,0.00181
5862,0.04072
5864,0.00093
5866,0.00093
5868,0.00277
5871,0.07943
5872,0.02361
5873,0.00601
5874,0.00084
5875,0.00084
5876,0.00084
5877,0.00760
5878,0.00084
5883,0.00274
5884,0.00301
5885,0.00307
5887,0.00090
5888,0.00090
5889,0.00090
5890,0.00766
5892,0.00534
5895,0.00025
5896,0.00625
5897,0.00202
5899,0.00226
5902,0.00168
5903,0.00168
5907,0.00095
5908,0.02406
5909,0.00185
5910,0.00351
5911,0.00185
5913,0.01174
5914,0.00387
5915,0.04481
5916,0.01325
5917,0.00223
5919,0.00505
5920,0.00800
5921,0.00787
5922,0.00589
5923,0.00608
5924,0.00099
5927,0.01203
5928,0.00586
5930,0.00450
5932,0.04623
5933,0.00930
5934,0.04966
5935,0.01313
5936,0.00444
5937,0.00356
5938,0.00479
5939,0.00540
5940,0.02054
5941,0.00356
5942,0.00682
5943,0.00008
5944,0.00127
5945,0.01049
5946,0.00331
5949,0.00217
5950,0.00411
5952,0.01621
5958,0.00202
5959,0.00084
5960,0.00356
5961,0.01199
5962,0.00133
5964,0.00084
5965,0.00834
5966,0.00637
5967,0.00123
5969,0.00505
5970,0.00000
5972,0.00126
5978,0.00138
5980,0.00697
5981,0.00810
5982,0.00415
5983,0.00141
5984,0.01506
5985,0.00141
5986,0.00141
5987,0.00141
5988,0.00427
5989,0.00141
5990,0.00141
5992,0.00106
5993,0.00860
5995,0.00428
5997,0.00124
5998,0.09916
5999,0.03171
6000,0.01025
6001,0.00764
6002,0.00000
6003,0.00114
6004,0.00910
6005,0.00114
6006,0.08074
6007,0.00552
6013,0.00308
6014,0.00088
6015,0.00308
6016,0.01120
6017,0.00265
6018,0.00088
6019,0.00088
6020,0.02777
6022,0.00097
6023,0.02659
6024,0.03040
6026,0.00379
6028,0.00213
6029,0.00197
6030,0.00138
6031,0.00359
6032,0.09012
6033,0.00138
6034,0.00138
6035,0.00138
6036,0.00138
6037,0.00138
6038,0.00739
6039,0.00066
6042,0.00161
6043,0.04590
6044,0.00390
6045,0.00987
6046,0.00283
6047,0.00575
6048,0.00188
6049,0.00466
6050,0.00188
6051,0.00188
6052,0.00188
6053,0.00188
6056,0.00013
6057,0.00013
6058,0.00013
6060,0.00203
6061,0.00203
6062,0.00317
6063,0.00203
6064,0.00370
6066,0.00229
6067,0.00229
6068,0.04271
6069,0.00757
6070,0.00574
6071,0.00459
6072,0.04644
6073,0.00087
6074,0.00087
6075,0.02493
6077,0.00019
6079,0.00010
6081,0.00340
6082,0.02031
6089,0.00000
6091,0.00231
6092,0.00231
6093,0.00843
6094,0.01299
6097,0.03278
6098,0.00015
6100,0.00000
6108,0.00400
6110,0.00098
6112,0.00221
6113,0.00221
6114,0.00345
6116,0.00253
6118,0.00225
6119,0.00614
6120,0.00123
6121,0.00290
6123,0.02738
6126,0.01312
6127,0.00234
6128,0.00170
6129,0.00060
6130,0.00033
6132,0.00150
6133,0.00399
6134,0.01006
6135,0.00118
6139,0.00062
6141,0.00078
6142,0.00078
6143,0.00078
6144,0.00078
6145,0.00078
6146,0.01203
6147,0.00078
6150,0.00110
6151,0.01894
6152,0.00092
6153,0.00092
6155,0.00195
6156,0.02625
6157,0.00563
6158,0.00195
6160,0.00787
6165,0.00265
6168,0.00084
6169,0.00436
6170,0.01010
6174,0.01432
6175,0.00147
6176,0.00342
6177,0.00268
6178,0.00348
6179,0.01018
6180,0.00551
6181,0.00348
6182,0.00721
6183,0.00348
6184,0.00471
6185,0.00348
6186,0.00348
6187,0.00348
6188,0.00348
6190,0.00746
6191,0.00348
6192,0.00447
6193,0.00348
6196,0.00643
6197,0.00444
6198,0.02070
6199,0.00348
6200,0.01354
6201,0.00643
6202,0.00829
6203,0.00348
6204,0.02238
6205,0.00348
6206,0.00348
6207,0.01039
6208,0.00649
6212,0.00244
6213,0.00300
6214,0.00123
6215,0.00123
6216,0.00645
6217,0.03946
6218,0.07556
6219,0.00217
6220,0.02172
6221,0.03558
6222,0.00128
6223,0.02089
6224,0.00128
6227,0.00186
6228,0.00125
6229,0.02451
6230,0.00188
6232,0.00281
6236,0.00072
6239,0.00563
6240,0.00130
6241,0.08025
6242,0.00563
6243,0.04674
6244,0.00098
6245,0.00946
6247,0.00171
6248,0.01435
6252,0.00121
6253,0.00049
6254,0.00049
6258,0.00000
6262,0.00143
6263,0.00457
6264,0.00099
6265,0.00099
6266,0.00000
6270,0.09594
6271,0.01157
6272,0.10092
6273,0.00173
6274,0.01072
6275,0.00173
6276,0.00173
6280,0.05696
6281,0.00163
6282,0.00163
6286,0.00588
6287,0.00163
6288,0.00163
6291,0.00089
6292,0.00089
6293,0.00089
6294,0.00089
6295,0.00606
6297,0.00089
6298,0.00789
6299,0.09222
6301,0.00032
6304,0.00135
6305,0.19265
6311,0.00076
6312,0.00367
6313,0.00315
6314,0.00966
6315,0.00193
6316,0.02730
6317,0.00617
6319,0.00257
6320,0.02382
6323,0.06107
6324,0.00919
6325,0.00767
6326,0.00273
6327,0.11473
6330,0.00075
6331,0.00285
6332,0.00075
6333,0.00133
6334,0.00574
6339,0.00188
6344,0.00238
6346,0.02113
6347,0.01116
6348,0.00177
6349,0.00177
6350,0.00177
6351,0.00079
6355,0.00295
6356,0.00475
6359,0.09922
6360,0.03570
6366,0.00098
6367,0.00190
6371,0.00079
6374,0.00117
6375,0.00117
6377,0.02076
6378,0.00167
6379,0.00100
6380,0.00305
6381,0.00303
6383,0.00289
6387,0.00092
6389,0.00140
6391,0.00078
6392,0.00078
6393,0.00078
6394,0.00806
6395,0.00078
6396,0.00078
6397,0.00078
6398,0.02588
6399,0.00078
6406,0.00172
6408,0.00118
6410,0.00133
6411,0.00133
6412,0.00133
6413,0.00133
6414,0.02796
6415,0.00383
6416,0.00284
6421,0.02269
6422,0.01452
6423,0.00054
6424,0.00174
6426,0.00007
6428,0.00257
6429,0.00082
6430,0.00089
6431,0.00089
6436,0.00302
6439,0.00111
6440,0.00663
6442,0.00564
6443,0.09463
6444,0.00152
6445,0.00959
6446,0.00152
6447,0.01437
6448,0.00152
6450,0.00103
6451,0.00103
6452,0.00161
6453,0.00103
6454,0.00103
6455,0.00103
6456,0.00378
6457,0.00162
6458,0.03214
6459,0.00195
6460,0.04811
6461,0.00928
6462,0.00280
6466,0.00042
6467,0.01223
6468,0.00042
6469,0.00143
6470,0.00021
6471,0.00354
6474,0.00088
6477,0.00263
6478,0.00263
6479,0.02170
6480,0.00120
6483,0.02380
6484,0.01213
6485,0.00134
6486,0.08091
6487,0.00341
6488,0.03166
6489,0.00250
6490,0.00227
6491,0.00469
6492,0.00228
6493,0.00134
6494,0.10464
6495,0.00137
6497,0.00079
6500,0.00908
6501,0.02419
6502,0.01391
6503,0.00407
6504,0.00699
6506,0.00079
6507,0.00079
6508,0.00079
6509,0.00079
6510,0.06050
6513,0.00092
6514,0.00092
6515,0.00092
6516,0.00072
6517,0.00206
6518,0.04101
6519,0.00151
6520,0.00247
6521,0.00151
6522,0.03019
6523,0.05302
6524,0.00725
6525,0.02282
6526,0.01061
6527,0.00080
6533,0.00064
6534,0.00064
6535,0.00064
6536,0.00122
6537,0.00267
6538,0.01997
6539,0.00064
6541,0.00054
6542,0.00054
6544,0.00152
6545,0.00518
6546,0.00283
6547,0.00152
6548,0.01097
6550,0.00775
6551,0.00285
6552,0.03995
6555,0.03963
6560,0.04951
6561,0.00309
6563,0.07142
6565,0.00098
6570,0.00395
6572,0.00071
6573,0.00071
6574,0.00099
6575,0.00099
6577,0.01309
6578,0.00075
6579,0.00075
6580,0.00075
6581,0.00075
6582,0.00075
6583,0.00075
6584,0.00075
6585,0.00075
6586,0.00075
6587,0.00075
6588,0.00075
6592,0.00046
6595,0.01730
6596,0.14314
6598,0.00761
6601,0.00110
6602,0.00110
6603,0.00110
6604,0.00110
6605,0.01354
6607,0.00554
6608,0.01892
6609,0.01050
6611,0.01913
6612,0.00555
6613,0.01304
6614,0.00498
6615,0.15969
6616,0.02467
6617,0.00092
6618,0.08926
6619,0.09921
6620,0.10773
6622,0.00315
6624,0.13184
6625,0.00389
6626,0.01238
6627,0.05442
6630,0.00073
6633,0.00184
6634,0.00278
6635,0.01129
6636,0.00591
6638,0.00134
6639,0.00001
6643,0.00694
6644,0.00288
6645,0.00468
6646,0.00884
6647,0.00288
6648,0.00555
6649,0.03477
6650,0.00288
6651,0.00288
6652,0.00288
6653,0.00288
6654,0.00288
6655,0.00990
6656,0.00015
6657,0.01125
6658,0.00865
6660,0.00007
6665,0.02792
6666,0.00573
6671,0.00533
6672,0.00135
6673,0.00135
6674,0.00135
6675,0.00135
6676,0.00839
6677,0.00135
6678,0.00135
6679,0.00135
6683,0.00047
6684,0.00011
6687,0.00000
6688,0.00000
6689,0.00000
6690,0.00000
6692,0.00793
6695,0.00244
6696,0.00173
6697,0.00081
6698,0.00081
6701,0.00031
6702,0.01207
6703,0.00085
6705,0.00051
6706,0.00299
6709,0.00200
6710,0.00454
6711,0.00798
6712,0.00853
6713,0.00461
6714,0.10589
6717,0.00347
6718,0.00086
6719,0.00310
6726,0.01234
6727,0.00190
6728,0.00190
6729,0.00161
6730,0.00161
6731,0.00161
6732,0.00161
6734,0.00274
6735,0.00080
6736,0.03753
6737,0.00080
6738,0.00080
6744,0.00187
6745,0.00058
6746,0.00134
6747,0.00710
6749,0.00021
6751,0.00042
6752,0.00100
6753,0.00324
6755,0.00210
6758,0.00944
6759,0.00186
6760,0.00176
6761,0.00108
6764,0.00132
6765,0.00132
6766,0.01662
6767,0.00254
6768,0.00076
6770,0.00711
6771,0.00237
6772,0.07531
6773,0.00127
6774,0.02979
6775,0.00416
6776,0.00434
6779,0.00445
6780,0.00506
6781,0.00956
6782,0.00122
6783,0.00413
6784,0.04509
6787,0.00017
6789,0.01313
6790,0.01989
6793,0.00129
6794,0.00129
6795,0.00224
6797,0.00180
6798,0.00180
6800,0.00180
6801,0.00633
6802,0.00074
6804,0.00492
6807,0.00020
6808,0.00020
6809,0.00110
6810,0.00109
6811,0.00109
6812,0.00203
6813,0.00120
6815,0.00516
6816,0.00131
6818,0.00215
6819,0.00111
6821,0.00124
6822,0.00252
6824,0.00124
6828,0.00110
6829,0.00571
6833,0.00195
6834,0.00517
6835,0.00110
6836,0.00110
6837,0.00087
6841,0.00306
6842,0.00120
6843,0.00120
6844,0.00120
6845,0.00248
6846,0.00629
6847,0.00053
6848,0.01861
6852,0.00092
6854,0.00118
6855,0.02034
6859,0.01475
6861,0.00208
6862,0.00113
6863,0.00520
6864,0.00279
6865,0.02452
6866,0.00444
6867,0.00641
6869,0.00081
6870,0.00407
6875,0.01370
6876,0.00128
6877,0.00128
6878,0.00128
6880,0.00340
6881,0.00174
6883,0.00465
6884,0.00075
6885,0.02513
6886,0.00991
6889,0.00334
6895,0.00809
6896,0.00494
6899,0.00334
6900,0.04429
6902,0.03241
6903,0.00000
6905,0.00202
6906,0.05527
6907,0.17651
6908,0.00202
6909,0.00202
6910,0.00202
6911,0.00564
6912,0.00659
6913,0.05334
6914,0.08934
6915,0.00262
6916,0.05048
6917,0.00448
6918,0.03298
6921,0.00203
6922,0.00203
6923,0.00212
6924,0.01158
6926,0.00103
6927,0.00103
6928,0.00168
6929,0.00095
6934,0.07379
6935,0.00337
6936,0.00229
6938,0.00247
6940,0.00073
6941,0.06271
6943,0.00166
6945,0.01978
6946,0.03745
6947,0.00074
6949,0.00584
6951,0.03926
6953,0.00094
6954,0.00249
6958,0.00177
6959,0.00630
6960,0.00166
6961,0.00198
6962,0.00166
6963,0.00166
6968,0.00131
6969,0.00131
6971,0.00657
6972,0.00241
6974,0.00357
6975,0.01525
6976,0.05200
6978,0.00136
6981,0.00039
6984,0.00814
6985,0.00116
6986,0.00077
6990,0.00187
6991,0.02116
6993,0.07326
6994,0.01425
6995,0.00093
6996,0.00006
6998,0.00142
6999,0.00142
7000,0.00142
7001,0.00142
7002,0.00334
7003,0.00142
7004,0.00142
7005,0.01936
7006,0.00142
7007,0.00142
7008,0.00142
7009,0.00142
7010,0.00142
7011,0.00727
7012,0.01131
7013,0.00142
7014,0.00254
7015,0.00142
7016,0.00142
7017,0.00142
7018,0.00142
7019,0.00454
7020,0.00406
7021,0.01554
7022,0.00142
7023,0.00580
7024,0.00419
7025,0.00142
7026,0.01262
7027,0.00142
7028,0.00142
7029,0.00320
7030,0.00289
7031,0.00000
7032,0.00000
7035,0.00342
7036,0.00269
7037,0.00234
7038,0.00690
7041,0.00002
7043,0.00860
7044,0.00164
7045,0.03130
7046,0.02233
7047,0.11925
7048,0.00051
7049,0.02148
7050,0.00587
7051,0.00051
7052,0.12991
7053,0.02501
7054,0.03320
7055,0.09023
7056,0.03359
7057,0.11791
7061,0.00434
7062,0.00628
7063,0.02444
7064,0.00607
7065,0.00351
7070,0.00186
7071,0.00486
7072,0.00061
7079,0.00221
7080,0.06560
7082,0.00084
7084,0.00148
7085,0.00148
7086,0.10185
7087,0.00259
7088,0.00466
7089,0.00254
7090,0.01670
7092,0.09436
7095,0.00184
7096,0.00650
7098,0.00079
7099,0.02016
7100,0.01672
7103,0.00092
7104,0.01840
7106,0.00462
7107,0.00093
7109,0.00220
7110,0.00575
7111,0.00124
7112,0.00124
7113,0.01330
7114,0.00124
7116,0.00221
7117,0.00959
7118,0.00080
7120,0.01456
7121,0.00820
7122,0.00060
7123,0.00060
7124,0.00406
7125,0.00406
7126,0.00584
7127,0.00475
7128,0.00549
7129,0.01294
7130,0.00505
7131,0.03064
7132,0.03077
7133,0.00406
7134,0.00608
7135,0.00406
7136,0.00464
7137,0.00406
7138,0.00488
7139,0.00617
7140,0.00406
7142,0.00333
7145,0.00079
7146,0.00079
7150,0.00999
7151,0.00131
7153,0.01090
7154,0.00166
7155,0.00166
7156,0.00166
7157,0.00166
7158,0.00166
7159,0.00166
7160,0.00166
7163,0.00027
7164,0.00395
7165,0.00356
7166,0.00089
7167,0.00089
7170,0.00116
7171,0.01125
7172,0.00167
7173,0.00143
7174,0.00099
7175,0.00171
7176,0.00396
7177,0.00099
7178,0.00213
7179,0.00171
7180,0.00654
7181,0.00478
7183,0.00926
7184,0.00221
7187,0.00177
7188,0.01301
7189,0.00389
7190,0.00000
7192,0.00204
7193,0.00204
7194,0.00000
7197,0.00156
7198,0.00845
7199,0.00373
7203,0.00068
7205,0.00008
7206,0.00008
7210,0.00081
7211,0.00081
7212,0.00081
7217,0.00061
7218,0.00192
7219,0.00192
7220,0.00195
7221,0.00195
7222,0.00095
7223,0.00161
7225,0.04895
7226,0.00410
7227,0.01196
7228,0.01013
7229,0.00764
7230,0.00519
7231,0.09011
7232,0.00083
7233,0.01744
7234,0.00083
7235,0.00083
7236,0.02542
7237,0.00940
7238,0.00733
7239,0.02087
7240,0.00095
7241,0.02137
7243,0.00072
7245,0.00076
7251,0.00129
7252,0.00129
7253,0.00657
7255,0.00017
7260,0.00202
7262,0.00710
7265,0.00143
7266,0.00789
7267,0.00143
7268,0.00143
7269,0.00143
7270,0.00594
7271,0.00622
7276,0.00419
7277,0.00461
7278,0.00480
7279,0.01489
7280,0.07156
7281,0.01244
7282,0.00113
7283,0.00068
7284,0.00113
7285,0.00068
7286,0.00068
7287,0.00068
7291,0.00000
7293,0.00379
7294,0.04788
7295,0.01111
7296,0.00089
7298,0.00247
7299,0.00069
7300,0.00069
7301,0.02449
7302,0.00248
7305,0.00073
7309,0.00047
7310,0.00047
7317,0.00967
7320,0.00018
7321,0.00198
7326,0.00101
7327,0.00702
7329,0.00256
7330,0.00203
7332,0.00148
7333,0.00062
7335,0.01593
7336,0.00148
7337,0.00148
7341,0.00241
7342,0.00128
7343,0.01716
7344,0.00279
7345,0.00128
7347,0.00195
7348,0.00274
7349,0.00195
7350,0.02165
7351,0.00312
7352,0.01749
7353,0.00195
7354,0.00599
7355,0.00195
7357,0.00910
7360,0.00092
7362,0.01040
7363,0.00075
7365,0.00040
7371,0.00102
7372,0.00126
7374,0.00131
7376,0.00480
7377,0.00131
7378,0.04969
7379,0.00646
7380,0.00301
7382,0.00193
7383,0.00295
7386,0.01756
7387,0.00468
7389,0.00164
7390,0.02328
7391,0.04228
7392,0.00102
7393,0.01178
7394,0.00389
7400,0.01808
7401,0.00352
7402,0.00662
7403,0.00116
7404,0.00116
7405,0.01856
7407,0.00148
7409,0.01479
7413,0.00215
7415,0.00855
7416,0.00118
7417,0.00198
7418,0.00200
7419,0.00077
7420,0.00077
7421,0.01060
7424,0.00890
7425,0.01238
7426,0.00329
7427,0.00276
7428,0.00518
7429,0.00276
7430,0.00276
7431,0.00276
7441,0.00167
7443,0.01181
7444,0.00435
7445,0.00062
7446,0.00062
7447,0.00062
7448,0.00062
7449,0.02618
7451,0.00072
7452,0.00604
7453,0.00072
7454,0.00072
7455,0.00311
7456,0.00072
7457,0.00072
7458,0.00072
7459,0.00072
7461,0.00072
7462,0.00072
7465,0.00000
7466,0.00000
7468,0.00120
7469,0.00120
7470,0.00120
7471,0.00981
7472,0.00055
7473,0.00120
7474,0.00120
7476,0.00165
7477,0.00120
7480,0.00093
7481,0.00093
7482,0.00070
7483,0.00070
7484,0.00381
7485,0.00061
7486,0.00061
7487,0.00061
7490,0.02030
7492,0.00378
7493,0.00403
7494,0.00000
7501,0.00071
7502,0.00330
7503,0.00071
7505,0.00121
7509,0.00095
7511,0.01786
7513,0.00046
7514,0.00161
7515,0.00046
7517,0.00073
7518,0.00688
7520,0.00234
7522,0.00322
7523,0.00322
7524,0.00322
7525,0.00322
7527,0.00057
7528,0.00057
7531,0.00069
7535,0.00075
7536,0.00075
7537,0.00075
7538,0.00075
7540,0.00075
7544,0.01149
7545,0.00187
7546,0.00334
7549,0.00429
7550,0.00187
7554,0.00373
7563,0.00061
7564,0.03183
7565,0.00407
7569,0.00574
7570,0.00188
7571,0.00073
7572,0.00073
7576,0.00203
7577,0.00203
7578,0.03123
7579,0.01101
7580,0.01792
7581,0.00203
7585,0.00114
7586,0.00900
7588,0.00576
7593,0.00227
7594,0.00265
7595,0.00077
7597,0.00733
7598,0.02902
7599,0.00077
7600,0.00077
7601,0.00258
7602,0.00037
7605,0.00507
7608,0.00243
7609,0.00281
7610,0.00058
7611,0.00058
7613,0.00058
7614,0.03993
7615,0.00192
7616,0.00192
7617,0.00192
7618,0.00502
7619,0.00192
7623,0.00211
7625,0.00651
7626,0.00103
7629,0.00180
7630,0.00180
7634,0.00112
7637,0.00071
7638,0.00002
7639,0.00002
7642,0.00129
7644,0.00061
7645,0.00061
7647,0.00256
7648,0.00056
7649,0.01150
7650,0.00161
7653,0.00000
7659,0.00527
7660,0.00094
7661,0.00325
7663,0.00205
7664,0.00205
7665,0.00528
7666,0.00838
7670,0.00039
7675,0.01776
7676,0.00287
7677,0.01111
7678,0.00139
7679,0.02561
7682,0.03076
7684,0.00097
7685,0.01039
7686,0.00097
7687,0.00271
7691,0.01753
7695,0.00227
7696,0.00213
7697,0.01324
7698,0.00111
7701,0.00161
7703,0.00205
7704,0.00076
7705,0.00076
7706,0.00148
7715,0.00131
7716,0.00230
7717,0.00230
7719,0.00421
7720,0.00013
7721,0.00028
7724,0.00099
7726,0.00320
7727,0.03189
7728,0.00153
7729,0.00005
7732,0.00006
7733,0.04647
7736,0.00107
7737,0.00071
7738,0.00657
7740,0.00087
7741,0.00330
7742,0.00087
7743,0.01244
7744,0.04766
7745,0.00099
7747,0.00792
7750,0.00136
7751,0.00073
7752,0.00145
7753,0.00145
7754,0.00072
7755,0.01474
7756,0.00145
7758,0.00072
7759,0.00419
7760,0.00072
7761,0.00072
7762,0.00072
7766,0.01110
7767,0.00176
7768,0.00870
7769,0.01565
7770,0.00138
7771,0.00243
7772,0.01139
7773,0.00047
7774,0.03005
7775,0.01071
7777,0.00047
7779,0.00230
7780,0.00294
7781,0.00174
7782,0.00174
7783,0.00174
7789,0.00080
7790,0.00527
7791,0.00461
7792,0.00618
7796,0.00087
7800,0.00050
7801,0.00050
7802,0.00050
7804,0.00050
7805,0.00050
7806,0.00203
7808,0.01683
7810,0.00762
7812,0.00543
7814,0.00056
7815,0.00248
7818,0.01707
7821,0.00088
7822,0.00088
7826,0.00002
7827,0.00002
7828,0.00002
7829,0.00464
7830,0.00179
7831,0.00194
7832,0.00179
7833,0.00448
7834,0.00179
7835,0.00372
7836,0.00179
7837,0.00267
7841,0.00099
7842,0.00301
7843,0.00292
7844,0.00178
7845,0.00239
7848,0.00178
7849,0.00134
7850,0.00134
7851,0.00134
7852,0.00134
7853,0.00136
7854,0.00081
7856,0.00469
7860,0.00191
7861,0.00124
7862,0.01244
7863,0.00123
7864,0.00238
7865,0.02031
7866,0.00078
7867,0.00065
7868,0.00065
7869,0.00056
7870,0.00065
7873,0.00559
7874,0.00368
7875,0.00097
7877,0.00716
7878,0.00057
7882,0.00893
7883,0.00070
7884,0.00711
7885,0.00689
7886,0.00086
7887,0.00086
7888,0.00086
7889,0.00086
7891,0.00126
7892,0.00126
7893,0.00207
7894,0.00126
7900,0.02291
7901,0.02938
7902,0.01529
7903,0.00797
7904,0.00560
7905,0.00098
7906,0.01224
7907,0.01135
7910,0.00338
7911,0.00056
7914,0.00073
7915,0.00115
7916,0.00187
7919,0.00159
7920,0.00023
7922,0.00065
7923,0.00065
7924,0.00249
7925,0.00065
7928,0.00309
7929,0.00814
7930,0.00129
7931,0.00265
7932,0.00187
7933,0.00800
7934,0.00129
7935,0.00129
7937,0.00112
7938,0.00297
7939,0.00112
7940,0.00112
7941,0.00112
7942,0.00112
7944,0.00073
7945,0.00651
7948,0.00148
7949,0.00080
7950,0.00080
7953,0.00062
7954,0.00056
7955,0.00056
7956,0.00056
7959,0.00109
7960,0.00109
7964,0.01107
7966,0.00068
7967,0.00365
7968,0.00440
7969,0.00086
7970,0.00068
7972,0.00000
7974,0.00068
7975,0.00068
7976,0.00068
7978,0.00067
7980,0.00930
7981,0.00000
7985,0.00101
7993,0.00456
7995,0.00016
7998,0.00035
7999,0.00035
8000,0.00035
8001,0.00035
8005,0.00108
8006,0.00001
8009,0.00095
8010,0.00165
8011,0.00095
8012,0.01018
8013,0.00095
8014,0.00000
8020,0.00001
8021,0.00057
8023,0.00070
8027,0.00001
8035,0.00148
8036,0.01373
8037,0.00011
8040,0.00070
8041,0.00372
8042,0.00184
8045,0.00305
8046,0.00920
8047,0.01333
8048,0.00113
8049,0.00064
8050,0.00393
8051,0.00469
8052,0.00064
8053,0.01292
8054,0.00249
8055,0.00066
8056,0.00066
8057,0.00066
8060,0.00328
8061,0.00928
8062,0.00185
8063,0.00317
8064,0.00185
8065,0.00185
8066,0.00804
8069,0.00394
8070,0.00064
8071,0.00064
8072,0.00064
8074,0.00000
8075,0.00000
8077,0.00089
8080,0.00065
8081,0.00065
8084,0.00070
8085,0.01404
8086,0.00070
8087,0.00070
8088,0.00187
8091,0.00212
8092,0.00798
8093,0.00212
8094,0.00237
8095,0.00212
8096,0.00212
8097,0.00267
8098,0.00406
8099,0.00406
8100,0.00406
8101,0.00406
8102,0.00406
8103,0.00406
8104,0.00406
8105,0.00406
8106,0.00406
8107,0.01331
8108,0.00406
8109,0.00406
8110,0.00406
8111,0.00598
8112,0.00465
8114,0.00406
8115,0.00406
8118,0.00061
8119,0.00061
8120,0.00061
8126,0.00054
8131,0.00035
8133,0.00025
8134,0.00187
8135,0.00075
8136,0.00075
8137,0.00075
8138,0.00075
8140,0.00059
8142,0.00059
8144,0.00059
8145,0.00076
8146,0.00070
8147,0.00014
8150,0.00007
8152,0.01070
8153,0.00110
8155,0.00192
8156,0.00468
8157,0.00377
8158,0.00192
8159,0.00192
8161,0.00060
8162,0.00498
8166,0.00079
8167,0.00079
8170,0.00081
8171,0.00222
8172,0.00081
8173,0.00569
8177,0.00055
8179,0.00055
8180,0.00055
8181,0.00055
8182,0.00055
8183,0.00055
8184,0.00055
8187,0.00056
8189,0.00258
8190,0.00260
8193,0.00258
8194,0.00071
8195,0.00071
8196,0.00049
8197,0.00049
8199,0.00014
8202,0.00070
8203,0.00070
8204,0.00131
8205,0.00070
8206,0.00070
8211,0.00591
8213,0.00187
8214,0.00187
8215,0.00057
8216,0.00057
8221,0.00060
8222,0.00604
8227,0.00074
8229,0.00035
8231,0.00046
8232,0.00046
8233,0.00046
8236,0.00043
8238,0.00187
8241,0.00112
8242,0.00049
8243,0.00321
8244,0.00064
8245,0.00064
8248,0.00035
8251,0.00067
8252,0.00184
8253,0.00184
8254,0.00184
8255,0.00184
8256,0.00184
8260,0.00035
8261,0.00035
8262,0.00037
8263,0.00100
8264,0.00058
8265,0.00058
8266,0.00058
8270,0.00134
8271,0.00071
8272,0.00063
8273,0.00063
8274,0.00005
